>structures/WP_006049459.1_Pseudomonadota_Paraburkholderia_graminis_alphafold.pdb
 1.000000  0.000000  0.000000     0.000000
 0.000000  1.000000  0.000000     0.000000
 0.000000  0.000000  1.000000     0.000000
>structures/WP_011548346.1_Pseudomonadota_Burkholderia_cenocepacia_alphafold.pdb
 0.953705  0.280728 -0.107882    -0.120566
-0.296806  0.936436 -0.187068    -4.770392
 0.048509  0.210428  0.976405     6.291566
>structures/WP_019576643.1_Pseudomonadota_Curvibacter_lanceolatus_alphafold.pdb
 0.831522  0.532245  0.159017    -8.663258
-0.520085  0.846507 -0.113742    -8.229155
-0.195148  0.011877  0.980702     1.795462
>structures/WP_062351606.1_Pseudomonadota_Pseudoxanthomonas_alphafold.pdb
 0.892938 -0.440816 -0.091338     7.123842
 0.448344  0.852496  0.268772    -2.285648
-0.040614 -0.280947  0.958863     4.009342
>structures/WP_102649218.1_Pseudomonadota_Trinickia_alphafold.pdb
 0.796400  0.517512 -0.312934    -6.605969
-0.536189  0.364875 -0.761162    -0.970113
-0.279729  0.773981  0.568071     8.775222
>structures/WP_132258326.1_Pseudomonadota_Paucimonas_alphafold.pdb
 0.501969  0.840695 -0.203125    -5.776726
-0.699504  0.256506 -0.667007    -0.485388
-0.508646  0.476904  0.716827     5.505788
>structures/WP_150670523.1_Pseudomonadota_Pandoraea_alphafold.pdb
 0.290345  0.018911  0.956735     5.113879
-0.085741 -0.995269  0.045692    -5.595568
 0.953073 -0.095298 -0.287350     8.485191
>structures/WP_150791717.1_Pseudomonadota_Pandoraea_alphafold.pdb
 0.285523 -0.063586  0.956260     5.079818
-0.120213 -0.992292 -0.030089    -9.391505
 0.950803 -0.106364 -0.290966     5.161896
>structures/WP_161651927.1_Pseudomonadota_Aquabacterium_alphafold.pdb
 0.902328  0.431050 -0.000461    -4.329369
-0.395417  0.827308 -0.399007    -0.142005
-0.171610  0.360217  0.916948     3.299625
>structures/WP_175732760.1_Pseudomonadota_Burkholderia_alphafold.pdb
 0.635694  0.749345  0.185407     3.365922
 0.215764  0.058129 -0.974714     3.364548
-0.741174  0.659624 -0.124729     6.945686
>structures/WP_186067777.1_Pseudomonadota_Burkholderia_alphafold.pdb
 0.682603  0.714174 -0.154948     2.515876
-0.453815  0.248063 -0.855872     0.667892
-0.572805  0.654539  0.493431    11.512072
>structures/WP_213778003.1_Pseudomonadota_Caballeronia_alphafold.pdb
 0.599385  0.708658  0.372211    -8.512714
-0.684620  0.694793 -0.220359    -6.764814
-0.414769 -0.122743  0.901610     1.688407
>structures/WP_215838068.1_Pseudomonadota_Lysobacter_alphafold.pdb
 0.685215  0.162715  0.709932     0.695876
-0.469219  0.844120  0.259412     1.391271
-0.557058 -0.510867  0.654753     7.287325
>structures/WP_226405641.1_Pseudomonadota_Ferribacterium_alphafold.pdb
 0.698528  0.707317 -0.108446    -3.935790
-0.691806  0.628778 -0.355024   -10.421642
-0.182926  0.323018  0.928546     8.442870
>structures/WP_231010104.1_Pseudomonadota_Ideonella_alphafold.pdb
 0.314768  0.873134  0.372234   -10.584407
-0.796363  0.456323 -0.396958    -3.883476
-0.516457 -0.171484  0.838967     5.002245
