>structures/ACX73657.1.ACX73655.sensePlusTwoAccession.pdb
 0.289910  0.875921 -0.385636     0.037433
-0.915967  0.137147 -0.377087    -0.703902
-0.277410  0.462551  0.842075     0.461536
>structures/ACX74513.1.ACX74511.sensePlusTwoAccession.pdb
-0.363262  0.221989 -0.904854    -0.362410
-0.878505 -0.405044  0.253314    -6.041895
-0.310272  0.886939  0.342156    -0.050147
>structures/AKJ64800.1.AKJ64798.sensePlusTwoAccession.pdb
 0.651341  0.585936  0.482113     0.634147
-0.476812  0.810318 -0.340640    -1.827771
-0.590258 -0.008004  0.807175    -0.402046
>structures/AQU99646.1.AQU99648.sensePlusTwoAccession.pdb
 0.843351  0.389558 -0.370140     0.645559
-0.231240  0.884862  0.404411    -2.227921
 0.485064 -0.255469  0.836330    -0.870104
>structures/ARN57239.1.ARN57241.sensePlusTwoAccession.pdb
 1.000000  0.000000  0.000000     0.000000
 0.000000  1.000000  0.000000     0.000000
 0.000000  0.000000  1.000000     0.000000
>structures/QAR33784.1.QAR33782.sensePlusTwoAccession.pdb
 0.220841  0.548682 -0.806335    -1.724489
-0.737341 -0.447233 -0.506271    -1.460695
-0.638402  0.706350  0.305799    -0.508152
