>structures/AAG03587.1.pdb
 0.090939 -0.625907 -0.774578    -2.194901
 0.703897 -0.509807  0.494597     5.501901
-0.704457 -0.590201  0.394213     2.703004
>structures/AAR33363.1.pdb
 0.059513  0.580927  0.811777    -2.075111
 0.607036 -0.666635  0.432557     0.761239
 0.792442  0.467036 -0.392317     3.651209
>structures/ABC76751.1.pdb
 0.967236  0.223169 -0.121039    -1.865081
-0.239192  0.960854 -0.139810     0.710471
 0.085099  0.164181  0.982753     1.317489
>structures/ABF91342.1.pdb
 0.929539  0.363850 -0.059752    -3.259484
-0.367082  0.897897 -0.242963     0.502712
-0.034750  0.247778  0.968193     2.736302
>structures/ACL64052.1.pdb
 0.952480  0.300002 -0.052726    -1.909624
-0.304355  0.930411 -0.204213     0.452097
-0.012207  0.210556  0.977506     1.693450
>structures/ACX73814.1.pdb
 0.781168  0.602410 -0.163948    -2.302916
-0.612103  0.687300 -0.391087     0.334277
-0.122913  0.405858  0.905633     2.557010
>structures/AFE08685.1.pdb
 0.791664  0.583157 -0.182198    -0.761141
-0.596222  0.672320 -0.438754    -0.109744
-0.133367  0.455976  0.879943     2.097127
>structures/AFE08686.1.pdb
 0.587349  0.770267 -0.248414    -0.541095
-0.747985  0.399403 -0.530090    -0.994102
-0.309094  0.497158  0.810738     1.970138
>structures/AFL88265.1.pdb
 0.568175  0.770641 -0.288601    -1.980173
-0.761821  0.359987 -0.538552     1.314749
-0.311137  0.525854  0.791626     3.029893
>structures/AKJ63346.1.pdb
 0.976383 -0.211609 -0.043574    -3.600419
 0.215008  0.971483  0.099966    -0.914770
 0.021178 -0.106974  0.994036     3.589703
>structures/APW44370.1.pdb
 0.725920  0.675181 -0.131039    -2.473550
-0.652083  0.615056 -0.443276     0.133731
-0.218695  0.407232  0.886755     2.901268
>structures/ATU64277.1.pdb
 0.416526  0.838227 -0.351968    -1.595195
-0.802273  0.156802 -0.575995     0.334014
-0.427626  0.522291  0.737800     1.766950
>structures/ATX79746.1.pdb
 0.137832  0.554966  0.820375    -0.934491
 0.510074 -0.749771  0.421506    -0.214169
 0.849015  0.360355 -0.386416     1.353649
>structures/ATX81939.1.pdb
 0.212679  0.476751  0.852922    -0.845309
 0.397106 -0.839728  0.370356    -0.662589
 0.892790  0.259934 -0.367914     1.699920
>structures/AWV88602.1.pdb
 0.993437  0.073940 -0.087273    -1.144435
-0.082217  0.992038 -0.095402     0.839794
 0.079525  0.101951  0.991606     1.447808
>structures/BAH38987.1.pdb
 0.976160 -0.216991  0.005099    -2.372347
 0.215330  0.971105  0.102900     0.347663
-0.027280 -0.099349  0.994679     2.435450
>structures/BAH39052.1.pdb
 0.724219  0.674463 -0.143550    -0.447925
-0.666553  0.631372 -0.396327    -0.394711
-0.176675  0.382711  0.906817     1.052392
>structures/BAM06957.1.pdb
 0.990896  0.119339 -0.062310    -3.430573
-0.127528  0.980369 -0.150378    -0.351198
 0.043141  0.156955  0.986663     4.664170
>structures/CAL34348.1.pdb
 1.000000  0.000000  0.000000     0.000000
 0.000000  1.000000  0.000000     0.000000
 0.000000  0.000000  1.000000     0.000000
>structures/QJR34785.1.pdb
 0.865551  0.486463 -0.119060    -0.697011
-0.499392  0.820400 -0.278480    -0.379245
-0.037794  0.300496  0.953034     0.654873
>structures/QJR34845.1.pdb
 0.911195  0.409679 -0.043431    -2.939643
-0.401692  0.860097 -0.314447     0.991737
-0.091468  0.303969  0.948281     3.133861
>structures/QNQ10683.1.pdb
 0.059258  0.673763  0.736568    -2.962675
 0.674625 -0.570890  0.467938    -0.469625
 0.735779  0.469178 -0.488366     2.246755
>structures/QOY87643.1.pdb
 0.889757  0.452274 -0.061492    -0.575980
-0.446197  0.833495 -0.325875     0.895706
-0.096132  0.317387  0.943411     2.649419
>structures/QTD52661.1.pdb
 0.886637  0.451271 -0.101144    -2.365646
-0.458712  0.830335 -0.316429    -0.878937
-0.058812  0.326954  0.943209     3.306797
>structures/SNW07143.1.pdb
 0.196033  0.430253  0.881166    -2.071342
 0.402849 -0.854605  0.327662    -1.115932
 0.894027  0.290745 -0.340857     2.635597
>structures/UBQ04634.1.pdb
 0.627549  0.754223 -0.193207    -2.633591
-0.698429  0.435678 -0.567786     0.234164
-0.344062  0.491255  0.800181     2.676491
>structures/UBQ06174.1.pdb
 0.293383  0.214399  0.931643    -4.211521
 0.205362 -0.965911  0.157615     0.104558
 0.933677  0.145083 -0.327411     2.477178
