>structures/AAC76042.1.pdb
 0.964918 -0.255058 -0.062276     1.213081
 0.260129  0.960875  0.095139     0.777995
 0.035573 -0.108001  0.993514    -0.804877
>structures/ABA03969.1.pdb
 0.997160 -0.068852 -0.030519     0.049750
 0.071812  0.991356  0.109804     0.400261
 0.022695 -0.111684  0.993485     0.247397
>structures/ABA05559.1.pdb
 1.000000  0.000000  0.000000     0.000000
 0.000000  1.000000  0.000000     0.000000
 0.000000  0.000000  1.000000     0.000000
>structures/ABQ60495.1.pdb
 0.864323 -0.487138 -0.125067     1.271729
 0.499230  0.800866  0.330732    -0.018955
-0.060950 -0.348296  0.935401    -0.130675
>structures/ADE86105.1.pdb
 0.841480 -0.524404 -0.130045    -1.012822
 0.535713  0.778565  0.326877    -0.500951
-0.070167 -0.344727  0.936077     1.298347
>structures/ADL00174.1.pdb
-0.241557  0.763277  0.599215    -0.357380
 0.791455 -0.202322  0.576771     0.094488
 0.561470  0.613575 -0.555227     2.303468
>structures/AJJ31614.1.pdb
 0.879180 -0.461760 -0.117561     0.541001
 0.472627  0.813737  0.338315     0.794543
-0.060556 -0.353002  0.933661    -0.774039
>structures/AJJ56099.1.pdb
 0.835371 -0.529958 -0.145943     0.764441
 0.540096  0.741959  0.397232     0.796579
-0.102232 -0.410659  0.906039    -0.895122
>structures/CDK97637.1.pdb
-0.770816  0.585630  0.250758    -0.441399
 0.614840  0.580833  0.533484     1.402561
 0.166776  0.565394 -0.807784     0.441780
>structures/QKY94846.1.pdb
 0.964918 -0.255058 -0.062276     1.213081
 0.260129  0.960875  0.095139     0.777995
 0.035573 -0.108001  0.993514    -0.804877
>structures/QNQ08778.1.pdb
 0.999448 -0.030532 -0.013120    -0.170475
 0.030617  0.999511  0.006333     1.025187
 0.012920 -0.006731  0.999894    -0.929880
>structures/QXB09426.1.pdb
 0.979951  0.197610 -0.025426     0.316120
-0.197825  0.949860 -0.242139     1.337839
-0.023698  0.242315  0.969908    -0.869469
