>structures/AAC74960.1.pdb
 0.998099 -0.061455 -0.004636    -0.088714
 0.061566  0.997655  0.029918     0.020038
 0.002787 -0.030147  0.999542    -0.219360
>structures/ABC77078.1.pdb
 0.733607  0.666060 -0.134851    -0.418787
-0.639787  0.610021 -0.467489    -1.481782
-0.229114  0.429229  0.873653    -0.399156
>structures/ACB73691.1.pdb
 0.887312 -0.460743 -0.019825    -1.083721
 0.442636  0.838799  0.317000     0.188392
-0.129426 -0.290054  0.948218    -0.448232
>structures/ACO33337.1.pdb
 0.949681  0.313100 -0.008674    -1.091672
-0.302948  0.911150 -0.279335    -0.611168
-0.079556  0.267907  0.960155     0.748450
>structures/AEI89251.1.pdb
-0.368151  0.335246 -0.867222    -1.525430
-0.253118 -0.933641 -0.253469    -0.171599
-0.894649  0.126195  0.428578    -1.067693
>structures/AEO48360.1.pdb
 0.927772 -0.372289 -0.025294    -0.123250
 0.370910  0.912674  0.171618     0.304575
-0.040806 -0.168604  0.984839    -1.167612
>structures/AIQ92722.1.pdb
 0.933692  0.354093 -0.053265     0.844690
-0.354981  0.895806 -0.267432    -0.333599
-0.046981  0.268607  0.962104    -0.410234
>structures/AJJ32465.1.pdb
 1.000000  0.000000  0.000000     0.000000
 0.000000  1.000000  0.000000     0.000000
 0.000000  0.000000  1.000000     0.000000
>structures/AJJ32757.1.pdb
 0.975817  0.217617  0.020609    -0.586836
-0.212116  0.965470 -0.151242    -0.417823
-0.052810  0.143213  0.988282    -0.388803
>structures/AJJ54987.1.pdb
 0.998923 -0.045778 -0.007539    -0.296794
 0.046064  0.997991  0.043497     0.186543
 0.005533 -0.043797  0.999025    -0.174933
>structures/ARU42506.1.pdb
 0.900997  0.427734 -0.072440    -1.413802
-0.424179  0.833580 -0.353861    -0.394152
-0.090974  0.349556  0.932488    -0.611740
>structures/ATC63650.1.pdb
-0.260593 -0.365046 -0.893774    -2.309352
 0.496264 -0.844743  0.200327    -0.091001
-0.828138 -0.391344  0.401294    -1.989905
>structures/ATU65955.1.pdb
 0.401809 -0.777263 -0.484161    -0.229376
 0.819894  0.069892  0.568233    -0.113949
-0.407827 -0.625282  0.665356    -0.926646
>structures/ATU66302.1.pdb
 0.771556  0.623099 -0.128250    -0.547424
-0.599466  0.644644 -0.474420    -0.821787
-0.212935  0.442923  0.870906    -1.028230
>structures/BAC62899.1.pdb
 0.492057 -0.786316 -0.373615    -0.882241
 0.812284  0.260302  0.521956    -0.493202
-0.313170 -0.560313  0.766794    -1.346233
>structures/BAH37338.1.pdb
 0.998138 -0.051435 -0.032790    -0.468347
 0.052356  0.998240  0.027864    -0.239212
 0.031299 -0.029529  0.999074    -0.420379
>structures/BCB96094.1.pdb
 0.885330  0.458507 -0.077210    -0.919675
-0.457295  0.828608 -0.322941    -1.208227
-0.084094  0.321217  0.943264     0.122583
>structures/CCW34551.1.pdb
 0.970715  0.238453 -0.029191    -1.643437
-0.238834  0.944814 -0.224243    -0.318199
-0.025892  0.224648  0.974096    -0.802356
>structures/CDK98316.1.pdb
 0.988169 -0.150274  0.030668    -0.469570
 0.147784  0.986421  0.071643     0.004538
-0.041018 -0.066263  0.996959    -1.644791
>structures/QJR36484.1.pdb
 0.890674 -0.440196 -0.113697    -1.131723
 0.453526  0.842750  0.289976     1.027298
-0.031828 -0.309839  0.950256    -0.854716
>structures/QKY95842.1.pdb
 0.982196 -0.185444 -0.030011    -0.582909
 0.187715  0.975059  0.118418     0.019333
 0.007303 -0.121944  0.992510    -0.483371
>structures/QNQ09341.1.pdb
 0.978470  0.199348  0.053445    -0.960277
-0.187773  0.967328 -0.170344    -0.668702
-0.085657  0.156641  0.983934    -0.459487
>structures/QOY85080.1.pdb
 0.860221  0.501348 -0.093118    -0.470712
-0.492443  0.769364 -0.406914    -1.173139
-0.132364  0.395891  0.908708     0.107144
>structures/QOY86330.1.pdb
 0.674001 -0.707245 -0.213373    -1.365698
 0.710937  0.542513  0.447492     0.167705
-0.200729 -0.453305  0.868460    -0.525750
>structures/QOY88835.1.pdb
 0.954027  0.295239 -0.051642    -1.013369
-0.297743  0.913797 -0.276267    -0.544338
-0.034375  0.278942  0.959692    -0.294165
>structures/QXB11670.1.pdb
 0.994377  0.105864  0.002687    -0.358467
-0.105326  0.991321 -0.078671    -0.549078
-0.010992  0.077945  0.996897    -0.042969
>structures/UBQ05764.1.pdb
 0.997046  0.071178 -0.028857    -0.418949
-0.072764  0.995647 -0.058248     0.034839
 0.024586  0.060176  0.997885    -0.388152
