>structures/AAC73831.1.AAC73832.sensePlusOneAccession.pdb
 0.140644  0.699225  0.700930     2.360110
 0.718472 -0.559183  0.413658     0.905103
 0.681188  0.445420 -0.581020    -0.004309
>structures/AAG04358.1.AAG04359.sensePlusOneAccession.pdb
 0.995553 -0.052211  0.078406    -2.288720
 0.087904  0.814096 -0.574039     0.751067
-0.033859  0.578378  0.815066     2.031889
>structures/AAG04849.1.AAG04850.sensePlusOneAccession.pdb
-0.813552 -0.552778 -0.180472    -7.265592
-0.071638 -0.212718  0.974484    -8.617942
-0.577063  0.805722  0.133458     6.443059
>structures/AAG06371.1.AAG06370.sensePlusOneAccession.pdb
 0.844262  0.015543 -0.535706     3.045253
-0.528081 -0.146334 -0.836491     0.457888
-0.091393  0.989113 -0.115336     3.637156
>structures/AAG08339.1.AAG08338.sensePlusOneAccession.pdb
 0.543913  0.125991  0.829629     0.218664
-0.124640  0.989827 -0.068604    -9.222590
-0.829833 -0.066090  0.554084    11.750167
>structures/ABA04528.1.ABA04529.sensePlusOneAccession.pdb
 0.408776  0.597768 -0.689620     5.975552
-0.754423  0.646546  0.113244    -7.024005
 0.513565  0.473974  0.715262     9.466875
>structures/ABA05299.1.ABA05298.sensePlusOneAccession.pdb
 0.868145  0.350223 -0.351665     4.505095
 0.405379 -0.091573  0.909551    -8.177576
 0.286343 -0.932179 -0.221472     4.932628
>structures/ABA05973.1.ABA05972.sensePlusOneAccession.pdb
 0.103604 -0.034613 -0.994016     3.571915
-0.639476  0.763138 -0.093225    -5.609053
 0.761798  0.645308  0.056930    10.854204
>structures/ABA05996.1.ABA05997.sensePlusOneAccession.pdb
-0.904533  0.030072  0.425341    40.820230
-0.355646 -0.603505 -0.713651   -20.677408
 0.235235 -0.796792  0.556585    36.885090
>structures/ABD81321.1.ABD81320.sensePlusOneAccession.pdb
 0.628703 -0.343672 -0.697583     2.471052
-0.389516  0.637229 -0.664994    -0.024221
 0.673060  0.689803  0.266762     6.346137
>structures/ABD81419.1.ABD81418.sensePlusOneAccession.pdb
-0.562340 -0.757139 -0.332437    -5.237825
-0.544711  0.036705  0.837820    -7.610919
-0.622144  0.652222 -0.433063     5.012877
>structures/ABD81792.1.ABD81791.sensePlusOneAccession.pdb
 0.743391  0.518233 -0.422853     1.802598
-0.630329  0.331331 -0.702072    -0.861950
-0.223733  0.788450  0.572966     3.907109
>structures/ABD82072.1.ABD82074.sensePlusTwoAccession.pdb
 0.771199  0.430740 -0.468738     3.374852
-0.457065  0.887180  0.063269    -3.121705
 0.443107  0.165450  0.881069     3.404245
>structures/ABD82214.1.ABD82212.sensePlusTwoAccession.pdb
-0.268896  0.791819 -0.548378    -1.654303
 0.838096  0.472925  0.271912    -8.011593
 0.474647 -0.386478 -0.790788     7.142486
>structures/ABD82214.1.ABD82213.sensePlusOneAccession.pdb
 0.179663  0.896392  0.405218    -4.723892
-0.856280  0.345278 -0.384146    -1.520333
-0.484259 -0.277963  0.829596     9.756020
>structures/ABD82476.1.ABD82475.sensePlusOneAccession.pdb
 0.616606  0.319151  0.719680    -4.508818
-0.283736  0.942799 -0.174996    -7.621010
-0.734364 -0.096296  0.671891    11.720636
>structures/ABD82818.1.ABD82816.sensePlusTwoAccession.pdb
 0.498049  0.859467  0.115171    -0.687214
-0.178008 -0.028653  0.983612    -7.502545
 0.848682 -0.510388  0.138721     8.518875
>structures/ABD82818.1.ABD82817.sensePlusOneAccession.pdb
 0.200290  0.804729  0.558834    -2.170242
-0.637318  0.540232 -0.549522    -1.840037
-0.744116 -0.246092  0.621071     7.791989
>structures/ABF87376.1.ABF86827.sensePlusTwoAccession.pdb
-0.330608  0.885803 -0.325656    -2.825825
 0.220076  0.407906  0.886104    -6.907062
 0.917750  0.221284 -0.329801    10.714341
>structures/ABF87376.1.ABF88211.sensePlusOneAccession.pdb
-0.119602  0.074222  0.990044     1.625132
 0.809674 -0.569807  0.140530    -2.473444
 0.574564  0.818420  0.008054     1.947639
>structures/ABF90492.1.ABF89902.sensePlusOneAccession.pdb
 0.263287  0.027932 -0.964313     3.095488
-0.731826 -0.645511 -0.218509     0.342290
-0.628578  0.763240 -0.149513     1.515182
>structures/ABF90777.1.ABF86057.sensePlusTwoAccession.pdb
-0.892754  0.140699 -0.428013    -7.719184
-0.142482  0.813065  0.564467    -6.171388
 0.427422  0.564915 -0.705820    10.870935
>structures/ABF90777.1.ABF88330.sensePlusOneAccession.pdb
 0.876917 -0.478332  0.047054     4.647116
-0.259211 -0.553094 -0.791768    -3.367726
 0.404753  0.682119 -0.609007     9.930243
>structures/ABF91581.1.ABF92022.sensePlusOneAccession.pdb
 0.951358  0.142262 -0.273274     4.038927
-0.199112  0.960782 -0.193008    -0.379360
 0.235099  0.238032  0.942374     2.663113
>structures/ABF92363.1.ABF87672.sensePlusTwoAccession.pdb
-0.267127  0.323495  0.907741     4.717513
 0.874091 -0.315249  0.369571    -2.891688
 0.405719  0.892171 -0.198553     0.550784
>structures/ABF92363.1.ABF91353.sensePlusOneAccession.pdb
-0.569506  0.809767 -0.141211    -6.392521
 0.113474  0.247598  0.962195    -6.934794
 0.814117  0.531952 -0.232896    11.004604
>structures/ABF92421.1.ABF87962.sensePlusOneAccession.pdb
-0.034282  0.325466  0.944932     5.164610
 0.972151 -0.208465  0.107072    -4.930359
 0.231834  0.922288 -0.309255     2.326177
>structures/ABF92421.1.ABF89022.sensePlusTwoAccession.pdb
 0.302380  0.775976 -0.553559     1.194444
-0.907772  0.057310 -0.415531    -4.841542
-0.290717  0.628154  0.721738    -0.844917
>structures/ABL64659.1.ABL64660.sensePlusOneAccession.pdb
-0.434397  0.651114 -0.622374    -6.148813
-0.430096  0.457167  0.778470    -9.111718
 0.791402  0.605846  0.081450     9.440766
>structures/ABL64659.1.ABL64661.sensePlusTwoAccession.pdb
-0.173696 -0.721402 -0.670380    -0.854440
 0.756936 -0.533264  0.377726    -2.644090
-0.629982 -0.441825  0.638681    -3.488676
>structures/ABQ62189.1.ABQ61035.senseMinusTwoAccession.pdb
 0.347848 -0.914818  0.205208    -4.246994
-0.234790 -0.296901 -0.925594    -5.729762
 0.907676  0.273785 -0.318067     7.633405
>structures/ABY95376.1.ABY95375.sensePlusOneAccession.pdb
-0.356708 -0.864864 -0.353227    -4.782564
-0.934065  0.323377  0.151492    -8.190505
-0.016795  0.383975 -0.923191     7.104123
>structures/ACB73533.1.ACB73532.sensePlusOneAccession.pdb
-0.819347 -0.550740  0.159236    -8.029077
-0.042452  0.335277  0.941163    -9.016451
-0.571724  0.764379 -0.298088     8.123234
>structures/ACB76604.1.ACB76603.sensePlusOneAccession.pdb
-0.609933  0.765003  0.206764    -8.430482
 0.219694 -0.087453  0.971641    -6.235959
 0.761391  0.638061 -0.114726     8.853554
>structures/ACB77180.1.ACB77179.sensePlusOneAccession.pdb
 0.998768 -0.013978 -0.047604     5.368042
-0.007627 -0.991345  0.131064    -4.197766
-0.049024 -0.130539 -0.990230     8.941277
>structures/ACD89825.1.ACD89826.sensePlusOneAccession.pdb
 0.341669  0.533771 -0.773531     2.384899
-0.902493 -0.043317 -0.428521    -2.386252
-0.262239  0.844519  0.466925     4.888363
>structures/ACF11057.1.ACF11058.sensePlusOneAccession.pdb
 0.941396  0.165945  0.293659     1.698847
-0.153530  0.986003 -0.065008     3.836503
-0.300337  0.016113  0.953697     3.732702
>structures/ACF11913.1.ACF11911.sensePlusTwoAccession.pdb
 0.149358  0.253387 -0.955765     2.294366
 0.673418 -0.733846 -0.089318    -1.664941
-0.724016 -0.630290 -0.280241     2.575190
>structures/ACF11913.1.ACF11912.sensePlusOneAccession.pdb
-0.977739  0.005480  0.209753    -5.267901
 0.079252  0.935255  0.344989     2.347727
-0.194282  0.353933 -0.914869     1.123856
>structures/ACF14374.1.ACF14375.sensePlusOneAccession.pdb
-0.738233 -0.191242 -0.646869    -6.891521
 0.211101 -0.976299  0.047720    -1.576589
-0.640663 -0.101326  0.761107     2.062496
>structures/ACF14374.1.ACF14376.sensePlusTwoAccession.pdb
 0.825015 -0.331808 -0.457443     0.945837
-0.046426  0.766942 -0.640035     0.019899
 0.563200  0.549276  0.617334     3.751011
>structures/ACF14782.1.ACF14780.sensePlusTwoAccession.pdb
 0.210271 -0.844698 -0.492210    -1.661831
 0.848520 -0.092388  0.521036    -1.146255
-0.485593 -0.527209  0.697316    -0.434223
>structures/ACF14782.1.ACF14781.sensePlusOneAccession.pdb
 0.981895 -0.180787  0.056546    -2.717651
 0.186745  0.973899 -0.129023    -0.786687
-0.031745  0.137246  0.990028     1.556219
>structures/ACF44367.1.ACF44366.sensePlusOneAccession.pdb
 0.408854  0.170184 -0.896591     4.037872
-0.910685  0.012471 -0.412913    -3.932728
-0.059090  0.985333  0.160083     4.987301
>structures/ACI21187.1.ACI20276.sensePlusOneAccession.pdb
-0.346177 -0.694816 -0.630391    -4.383771
-0.866521  0.494345 -0.069019    -7.026394
 0.359586  0.522354 -0.773204     6.602543
>structures/ACI21445.1.ACI20276.senseMinusTwoAccession.pdb
-0.346177 -0.694816 -0.630391    -4.383771
-0.866521  0.494345 -0.069019    -7.026394
 0.359586  0.522354 -0.773204     6.602543
>structures/ACI21445.1.ACI21439.sensePlusOneAccession.pdb
-0.578705 -0.801654 -0.149838    -8.089232
-0.148148 -0.077336  0.985937    -6.913705
-0.801968  0.592765 -0.074009     5.904936
>structures/ACI22061.1.ACI21831.sensePlusOneAccession.pdb
 0.979720  0.149433 -0.133483     2.765695
-0.150439  0.988616  0.002568    -0.836774
 0.132347  0.017565  0.991048     1.316746
>structures/ACL22206.1.ACL22207.sensePlusOneAccession.pdb
-0.907432 -0.081268 -0.412265    -5.570972
-0.304796 -0.548069  0.778922    -8.864985
-0.289251  0.832476  0.472566     6.911938
>structures/ACL64950.1.ACL64949.sensePlusOneAccession.pdb
 0.887761  0.140224 -0.438426     3.489449
-0.352039  0.820482 -0.450419     0.091690
 0.296561  0.554208  0.777757     2.698103
>structures/ACL67494.1.ACL67493.sensePlusOneAccession.pdb
 0.861977  0.047964 -0.504673     4.931475
-0.272651  0.883135 -0.381752     0.435136
 0.427383  0.466661  0.774319     2.375565
>structures/ACL67782.1.ACL67780.sensePlusTwoAccession.pdb
-0.648592  0.689558 -0.322238    -6.665903
 0.279094  0.609337  0.742169    -7.394658
 0.708121  0.391431 -0.587663    10.930242
>structures/ACL67782.1.ACL67781.sensePlusOneAccession.pdb
 0.778112 -0.555772 -0.292675     4.388875
-0.426396 -0.125227 -0.895826    -0.026988
 0.461225  0.821849 -0.334420     8.366250
>structures/ACL94252.1.ACL94249.antisenseMinusThreeAccession.pdb
 0.121732 -0.280070 -0.952230    -1.556461
 0.992471  0.047429  0.112926    -6.036327
 0.013536 -0.958807  0.283735   -29.557416
>structures/ACL95886.1.ACL95885.sensePlusOneAccession.pdb
 0.160592 -0.986928 -0.013543    -0.198947
-0.820752 -0.125906 -0.557237    -6.600769
 0.548248  0.100603 -0.830243    15.944500
>structures/ACL96805.1.ACL96804.sensePlusOneAccession.pdb
 0.311801 -0.664882 -0.678758     3.944224
-0.831099  0.155374 -0.533979    -5.152253
 0.460495  0.730610 -0.504137    10.795230
>structures/ACO31817.1.ACO32642.sensePlusOneAccession.pdb
-0.759466  0.650000 -0.026670    -9.183666
 0.321140  0.410245  0.853562    -6.353053
 0.565756  0.639686 -0.520309     9.736317
>structures/ACO31817.1.ACO34142.sensePlusTwoAccession.pdb
 0.404668 -0.366982 -0.837597     7.392406
 0.089748 -0.895583  0.435748    -1.565751
-0.910049 -0.251506 -0.329478     3.772038
>structures/ACO33277.1.ACO31774.sensePlusOneAccession.pdb
-0.869329 -0.467462 -0.160454    -6.403281
-0.292529  0.224995  0.929411    -7.977330
-0.398363  0.854901 -0.332341     7.798240
>structures/ACX73656.1.ACX73655.sensePlusOneAccession.pdb
 0.243639  0.275260 -0.929985     3.805305
-0.803869  0.593785 -0.034848    -2.112129
 0.542619  0.756076  0.365942     4.861036
>structures/ACX74512.1.ACX74511.sensePlusOneAccession.pdb
-0.126898 -0.613888 -0.779127     2.586110
-0.991013  0.111964  0.073190    -6.504605
 0.042304  0.781413 -0.622579     7.391783
>structures/ADB16663.1.ADB16656.sensePlusThreeAccession.pdb
 0.372197 -0.405135 -0.835066     3.952458
-0.498866  0.671380 -0.548071    -2.441753
 0.782689  0.620576  0.047777     6.744780
>structures/ADB16663.1.ADB16657.sensePlusTwoAccession.pdb
-0.448191 -0.357899 -0.819166    -2.700786
-0.820848  0.527670  0.218569    -9.279950
 0.354023  0.770372 -0.530278    14.085144
>structures/ADB17385.1.ADB17383.sensePlusTwoAccession.pdb
 0.075234 -0.807325  0.585292    -1.151237
-0.953209 -0.230576 -0.195520     3.424494
 0.292802 -0.543195 -0.786896     2.189441
>structures/ADB17385.1.ADB17384.sensePlusOneAccession.pdb
-0.454330 -0.160564 -0.876244    -1.859220
 0.098364 -0.986650  0.129793    -2.925170
-0.885386 -0.027222  0.464058    -1.204784
>structures/ADB17458.1.ADB17456.sensePlusTwoAccession.pdb
-0.769529  0.638612 -0.000211    -7.283288
 0.300629  0.362550  0.882145    -9.469035
 0.563424  0.678773 -0.470978    13.290515
>structures/ADB17458.1.ADB17457.sensePlusOneAccession.pdb
-0.467190 -0.344604 -0.814237     0.581118
-0.592184 -0.561885  0.577584    -5.843944
-0.656545  0.752019  0.058438     2.536252
>structures/ADD67090.1.ADD67091.sensePlusOneAccession.pdb
-0.770366  0.229703 -0.594788    -5.617752
-0.424911 -0.880466  0.210312    -6.085697
-0.475381  0.414749  0.775884     9.505112
>structures/ADD67609.1.ADD67608.sensePlusOneAccession.pdb
 0.864597  0.180779 -0.468818     6.367437
 0.345167  0.464357  0.815618    -2.641294
 0.365146 -0.867001  0.339083     3.490328
>structures/ADD67744.1.ADD67746.sensePlusTwoAccession.pdb
 0.978911 -0.172056  0.110132     3.489424
-0.145761 -0.965997 -0.213551    -4.147704
 0.143130  0.192994 -0.970704     8.602081
>structures/ADD67874.1.ADD67875.sensePlusOneAccession.pdb
 0.752418  0.311776 -0.580226     2.694426
-0.468473  0.872529 -0.138660     0.403444
 0.463034  0.376150  0.802565     1.248270
>structures/ADD68377.1.ADD68375.sensePlusTwoAccession.pdb
 0.352909 -0.648714 -0.674259     3.748059
-0.857050 -0.513245  0.045217    -7.052130
-0.375393  0.561916 -0.737109     9.173551
>structures/ADG94140.1.ADG94139.sensePlusOneAccession.pdb
-0.685300 -0.619784 -0.382403    -3.698202
 0.306049 -0.721569  0.621026    -5.397800
-0.660831  0.308555  0.684175     6.854430
>structures/ADL01024.1.ADL01025.sensePlusOneAccession.pdb
 0.389460 -0.489721  0.780061    -0.339692
 0.183302 -0.788778 -0.586710    -6.681644
 0.902619  0.371487 -0.217431    17.639743
>structures/ADN09321.1.ADN09320.sensePlusOneAccession.pdb
-0.932535 -0.134734  0.334999    -5.523109
-0.148269  0.988833 -0.015035    -8.338957
-0.329232 -0.063690 -0.942098     4.210547
>structures/ADY58081.1.ADY58082.sensePlusOneAccession.pdb
-0.899317 -0.426907 -0.094757    -6.867569
-0.334996  0.533283  0.776780    -6.621437
-0.281081  0.730315 -0.622602     8.707170
>structures/ADY58081.1.ADY58083.sensePlusTwoAccession.pdb
-0.416796  0.640128  0.645381     1.115798
 0.872383  0.082205  0.481861    -0.423285
 0.255399  0.763857 -0.592700     1.225456
>structures/ADY60068.1.ADY60069.sensePlusOneAccession.pdb
-0.770654 -0.631044  0.088740    -4.763671
-0.164394  0.331411  0.929054    -8.162075
-0.615684  0.701391 -0.359143     3.847722
>structures/ADY61978.1.ADY61979.sensePlusOneAccession.pdb
 0.450440 -0.043409 -0.891751     3.923818
-0.475951 -0.856730 -0.198708    -2.869124
-0.755364  0.513936 -0.406566     2.250367
>structures/ADY61978.1.ADY61980.sensePlusTwoAccession.pdb
 0.485603 -0.265344 -0.832936     1.340948
 0.781796  0.558139  0.277985    -0.505940
 0.391132 -0.786177  0.478479    -1.824544
>structures/AEI88825.1.AEI88826.sensePlusOneAccession.pdb
 0.053104  0.626962 -0.777238     1.090450
-0.905874 -0.297277 -0.301692    -2.441445
-0.420204  0.720101  0.552162    -2.423352
>structures/AEW03299.1.AEW03300.sensePlusOneAccession.pdb
 0.124105 -0.219492 -0.967689    -8.110176
-0.885449 -0.464665 -0.008162    -5.898981
-0.447860  0.857852 -0.252016    12.277623
>structures/AEW03299.1.AEW03301.sensePlusTwoAccession.pdb
 0.567516 -0.302617 -0.765734    -1.204549
 0.630288  0.758067  0.167545    -1.021491
 0.529776 -0.577717  0.620951     5.421957
>structures/AFL88606.1.AFL88607.sensePlusOneAccession.pdb
-0.049439  0.994986  0.086944    -5.780222
-0.234606 -0.096183  0.967321    -9.994171
 0.970833  0.027426  0.238184     9.077853
>structures/AFL88814.1.AFL88815.sensePlusOneAccession.pdb
-0.682014 -0.539560 -0.493693    -4.509701
-0.721602  0.386680  0.574255    -9.998547
-0.118943  0.747899 -0.653069     6.523159
>structures/AHE95900.1.AHE95899.sensePlusOneAccession.pdb
-0.786580  0.448188 -0.424757    -2.987065
-0.614113 -0.639621  0.462331    -7.181891
-0.064472  0.624509  0.778352     8.770999
>structures/AHE96346.1.AHE96345.sensePlusOneAccession.pdb
 0.962112  0.023333 -0.271654     2.210155
 0.022825  0.985941  0.165526    -1.636406
 0.271697 -0.165455  0.948053    -1.225339
>structures/AHZ83417.1.AHZ83416.antisensePlusTwoAccession.pdb
-0.603104 -0.088601 -0.792727    -7.346934
-0.415558 -0.813393  0.407066    -0.592470
-0.680865  0.574927  0.453742    15.826179
>structures/AHZ83632.1.AHZ83631.antisensePlusTwoAccession.pdb
-0.574009  0.796235 -0.191110    -5.632764
-0.817470 -0.570757  0.077330    -1.237709
-0.047505  0.200614  0.978518    12.790104
>structures/AHZ84037.1.AHZ84035.sensePlusThreeAccession.pdb
-0.626188 -0.192935 -0.755424    -2.766246
-0.659181  0.648439  0.380799    -5.592045
 0.416377  0.736413 -0.533223     8.803052
>structures/AHZ84037.1.AHZ84036.sensePlusTwoAccession.pdb
 0.438587  0.310623 -0.843300     0.810688
-0.871304 -0.082909 -0.483690    -1.922697
-0.220162  0.946910  0.234284     6.866718
>structures/AHZ84904.1.AHZ84902.antisensePlusThreeAccession.pdb
-0.762319  0.537376 -0.360689    -5.416452
-0.000376  0.556938  0.830554    -9.185172
 0.647201  0.633283 -0.424362    12.573801
>structures/AHZ84904.1.AHZ84903.antisensePlusTwoAccession.pdb
 0.149035 -0.218810 -0.964319     5.736826
 0.344104  0.925734 -0.156874    -0.696656
 0.927028 -0.308446  0.213260    11.066751
>structures/AHZ85825.1.AHZ85824.sensePlusTwoAccession.pdb
 0.619493 -0.064186 -0.782374     3.163510
-0.623254  0.565729 -0.539912    -3.201026
 0.477266  0.822089  0.310461     4.852595
>structures/AHZ86042.1.AHZ86040.sensePlusThreeAccession.pdb
 0.104782  0.474976 -0.873739     6.073960
-0.774088  0.590525  0.228186    -9.071832
 0.624347  0.652441  0.429549    10.634158
>structures/AHZ86042.1.AHZ86041.sensePlusTwoAccession.pdb
 0.562951  0.805752 -0.183983     5.419021
 0.798708 -0.473145  0.371750    -2.350384
 0.212488 -0.356225 -0.909919    10.471785
>structures/AHZ86892.1.AHZ86894.sensePlusOneAccession.pdb
-0.597622  0.644823 -0.476499    -5.375784
 0.113940  0.656574  0.745606    -7.431563
 0.793640  0.391299 -0.465854     9.755189
>structures/AKJ65464.1.AKJ65462.sensePlusTwoAccession.pdb
 0.407541  0.264089 -0.874167     4.044935
 0.387892  0.816557  0.427522     1.068831
 0.826711 -0.513315  0.230342     7.049374
>structures/AKJ65465.1.AKJ65462.sensePlusThreeAccession.pdb
 0.407541  0.264089 -0.874167     4.044935
 0.387892  0.816557  0.427522     1.068831
 0.826711 -0.513315  0.230342     7.049374
>structures/ALA60092.1.ALA60091.sensePlusOneAccession.pdb
-0.046202 -0.146995 -0.988058     4.071102
-0.571823  0.814916 -0.094498    -3.457194
 0.819075  0.560628 -0.121706    11.270121
>structures/ALA61164.1.ALA61161.sensePlusThreeAccession.pdb
 1.000000  0.000000  0.000000     0.000000
 0.000000  1.000000  0.000000     0.000000
 0.000000  0.000000  1.000000     0.000000
>structures/AQU99647.1.AQU99648.sensePlusOneAccession.pdb
 0.104698  0.580229 -0.807696     4.340029
 0.266207  0.766171  0.584906    -3.367171
 0.958213 -0.276253 -0.074244     5.721994
>structures/ATC63405.1.ATC63404.sensePlusOneAccession.pdb
-0.104302 -0.374547 -0.921323     3.754050
-0.816954 -0.496048  0.294146    -7.149311
-0.567192  0.783359 -0.254249     2.464504
>structures/ATX78592.1.ATX78593.sensePlusOneAccession.pdb
-0.892358 -0.233028 -0.386516    -1.561735
-0.210110 -0.543444  0.812725    -9.550924
-0.399437  0.806453  0.435985     6.668814
>structures/ATX82928.1.ATX82929.sensePlusOneAccession.pdb
-0.928778  0.017017 -0.370246    -1.014173
-0.315446 -0.560756  0.765537    -9.467158
-0.194591  0.827806  0.526186     5.400535
>structures/AUX20279.1.AUX20278.senseMinusThreeAccession.pdb
-0.514342  0.744164 -0.426230    -3.762995
-0.855166 -0.407757  0.320038    -6.817840
 0.064362  0.529106  0.846111     4.748190
>structures/AUX20279.1.AUX20280.sensePlusOneAccession.pdb
 0.740717  0.516648 -0.429434     3.130179
-0.390434 -0.189134 -0.900994     0.300767
-0.546717  0.835047  0.061623     1.272919
>structures/AUX22204.1.AUX22202.sensePlusTwoAccession.pdb
-0.344523 -0.913675 -0.215642    -6.384138
 0.782776 -0.406394  0.471281    -6.351644
-0.518233 -0.006432  0.855215     7.968144
>structures/AUX22204.1.AUX22203.sensePlusOneAccession.pdb
-0.273336  0.861209  0.428492     0.197126
 0.922226  0.107978  0.371269    -1.191617
 0.273472  0.496648 -0.823744     0.923465
>structures/AUX22204.1.AUX22206.antisensePlusTwoAccession.pdb
 0.760248  0.348451 -0.548274     1.918857
-0.635929  0.571617 -0.518506    -2.414167
 0.132729  0.742857  0.656161     6.675737
>structures/AUX22204.1.AUX22207.antisensePlusThreeAccession.pdb
-0.947981  0.129289 -0.290890    -6.138163
 0.047128  0.960738  0.273424    -4.939465
 0.314820  0.245492 -0.916855    12.382448
>structures/AUX22205.1.AUX22202.antisensePlusThreeAccession.pdb
-0.344523 -0.913675 -0.215642    -6.384138
 0.782776 -0.406394  0.471281    -6.351644
-0.518233 -0.006432  0.855215     7.968144
>structures/AUX22205.1.AUX22203.antisensePlusTwoAccession.pdb
-0.273336  0.861209  0.428492     0.197126
 0.922226  0.107978  0.371269    -1.191617
 0.273472  0.496648 -0.823744     0.923465
>structures/AUX22205.1.AUX22206.sensePlusOneAccession.pdb
 0.760248  0.348451 -0.548274     1.918857
-0.635929  0.571617 -0.518506    -2.414167
 0.132729  0.742857  0.656161     6.675737
>structures/AUX22205.1.AUX22207.sensePlusTwoAccession.pdb
-0.947981  0.129289 -0.290890    -6.138163
 0.047128  0.960738  0.273424    -4.939465
 0.314820  0.245492 -0.916855    12.382448
>structures/AUX23472.1.AUX23470.sensePlusTwoAccession.pdb
 0.637965 -0.463865 -0.614679     4.322660
-0.524079  0.323309 -0.787917     1.201749
 0.564218  0.824804 -0.036842     6.072358
>structures/AUX23472.1.AUX23471.sensePlusOneAccession.pdb
-0.880508 -0.397195 -0.258732    -6.742730
 0.332746 -0.906629  0.259431    -6.839229
-0.337619  0.142339  0.930458    10.397176
>structures/AUX23532.1.AUX23533.sensePlusOneAccession.pdb
 0.375973  0.290450 -0.879933     4.631175
-0.894181 -0.135380 -0.426747     0.531916
-0.243074  0.947265  0.208816     2.377634
>structures/AUX24210.1.AUX24208.sensePlusTwoAccession.pdb
 0.248975 -0.239471 -0.938438     1.823261
 0.599959 -0.722514  0.343545    -1.286361
-0.760303 -0.648558 -0.036215     0.543844
>structures/AUX24210.1.AUX24209.sensePlusOneAccession.pdb
 0.647524  0.361546 -0.670818     4.931592
-0.665185  0.697664 -0.266072    -6.094943
 0.371808  0.618507  0.692249     1.371989
>structures/AWI08418.1.AWI08419.sensePlusOneAccession.pdb
 0.831884  0.226702 -0.506532     9.880661
-0.181426  0.973698  0.137828    -2.118946
 0.524455 -0.022759  0.851134    -0.678463
>structures/BAC89328.1.BAC89329.sensePlusOneAccession.pdb
 0.604718 -0.367540 -0.706562     4.826134
-0.093929  0.848048 -0.521528    -1.014667
 0.790881  0.381745  0.478307     7.787697
>structures/BAD41956.1.BAD41955.sensePlusOneAccession.pdb
-0.724421 -0.017276 -0.689142    -0.567865
-0.528369 -0.628169  0.571165    -6.740817
-0.442765  0.777885  0.445931     4.624665
>structures/CAD71937.1.CAD71936.sensePlusOneAccession.pdb
-0.473384 -0.252285 -0.843955    -0.238307
-0.378601  0.923368 -0.063662    -4.046390
 0.795342  0.289386 -0.532623    10.907491
>structures/CCG57546.1.CCG57547.sensePlusOneAccession.pdb
 0.856959 -0.193204  0.477801    -5.088391
-0.072933  0.872286  0.483526    -7.549108
-0.510198 -0.449209  0.733422     6.967479
>structures/QDU25289.1.QDU25288.sensePlusOneAccession.pdb
-0.930681 -0.253031  0.264212    -2.362712
 0.333441 -0.289607  0.897187    -7.634428
-0.150499  0.923094  0.353903     9.722360
>structures/QDU25322.1.QDU25320.sensePlusTwoAccession.pdb
-0.630110  0.206056  0.748667     1.324555
 0.276921  0.960384 -0.031258    -1.209522
-0.725449  0.187625 -0.662209     1.442197
>structures/QDU25322.1.QDU25321.sensePlusOneAccession.pdb
-0.148745  0.808977 -0.568710    -0.072275
-0.723334  0.303141  0.620398    -9.229235
 0.674287  0.503648  0.540070    10.538834
>structures/QDU25761.1.QDU25760.sensePlusOneAccession.pdb
 0.701686  0.391071 -0.595568     5.226386
-0.566661  0.813020 -0.133771    -0.367203
 0.431895  0.431350  0.792089     0.025821
>structures/QDU27583.1.QDU27581.sensePlusTwoAccession.pdb
 0.725928  0.199420 -0.658226     7.601241
-0.662831 -0.052535 -0.746923     0.714823
-0.183531  0.978505  0.094045     6.757936
>structures/QDU27583.1.QDU27582.sensePlusOneAccession.pdb
 0.002061 -0.989734 -0.142906    -0.587540
-0.988116 -0.023979  0.151828    -8.192671
-0.153696  0.140895 -0.978022    12.039392
>structures/QDU29130.1.QDU29131.sensePlusOneAccession.pdb
 0.899011  0.385263 -0.208210     2.834671
-0.399170  0.916456 -0.027773    -1.408513
 0.180116  0.108079  0.977690    -1.506779
>structures/QDU30851.1.QDU30850.sensePlusOneAccession.pdb
-0.793627  0.536605 -0.286726    -6.566355
-0.062239  0.397196  0.915621    -7.379066
 0.605213  0.744506 -0.281828    10.552220
>structures/QDU31292.1.QDU31293.sensePlusOneAccession.pdb
-0.107344  0.666487 -0.737749     1.384676
-0.957558 -0.268959 -0.103652    -3.781421
-0.267507  0.695311  0.667071     0.126877
>structures/QDU31292.1.QDU31294.sensePlusTwoAccession.pdb
 0.709831  0.672450 -0.209644     0.878442
-0.683249  0.584996 -0.436979     0.321658
-0.171206  0.453420  0.874699    -3.458487
>structures/QDU92956.1.QDU92955.sensePlusOneAccession.pdb
 0.891894  0.229466 -0.389705     2.794260
-0.044107  0.901742  0.430018    -3.002391
 0.450088 -0.366342  0.814380     2.691922
>structures/QDU93364.1.QDU93365.sensePlusOneAccession.pdb
 0.810734  0.318465 -0.491214     6.199692
 0.328810  0.446510  0.832174    -2.386781
 0.484350 -0.836187  0.257286     5.006850
>structures/QDU97593.1.QDU97594.sensePlusOneAccession.pdb
-0.370182 -0.732545  0.571264    -4.614596
-0.892567  0.450914 -0.000171    -7.421517
-0.257466 -0.509955 -0.820767     8.739219
>structures/QDU98188.1.QDU98189.sensePlusOneAccession.pdb
-0.751519 -0.349801 -0.559338    -6.349645
 0.235791 -0.934271  0.267471    -6.802722
-0.616134  0.069123  0.784602    12.070258
>structures/QDU98188.1.QDU98190.sensePlusTwoAccession.pdb
-0.776068  0.421205  0.469366    -1.137394
 0.589681  0.748532  0.303276     1.591061
-0.223594  0.512139 -0.829289     0.969693
>structures/QDU98188.1.QDU98191.sensePlusThreeAccession.pdb
-0.794978  0.327229  0.510815     0.228099
 0.580615  0.654409  0.484391     2.306378
-0.175775  0.681667 -0.710234     1.045314
>structures/QDU99088.1.QDU99089.sensePlusOneAccession.pdb
-0.069454 -0.342786 -0.936843     1.985167
-0.013740  0.939350 -0.342684    -3.039202
 0.997491 -0.010928 -0.069951    12.531407
>structures/QEI18804.1.QEI18805.sensePlusOneAccession.pdb
 0.962611 -0.267765  0.041010     0.309597
 0.225495  0.708179 -0.669054     2.791751
 0.150107  0.653287  0.742081     2.781440
>structures/QEI18926.1.QEI18927.sensePlusOneAccession.pdb
 0.690926  0.516019  0.506306    -1.661323
-0.578006  0.814960 -0.041824    -2.553915
-0.434202 -0.263751  0.861339     9.919651
>structures/QEI19039.1.QEI19038.sensePlusOneAccession.pdb
-0.100924 -0.539771 -0.835740     2.445714
-0.512707  0.748111 -0.421261    -4.105128
 0.852611  0.385975 -0.352247    13.940580
>structures/QEI19442.1.QEI19443.sensePlusOneAccession.pdb
 0.283991 -0.075818 -0.955825     3.430775
-0.015610  0.996371 -0.083672    -1.453678
 0.958700  0.038682  0.281777     5.904914
>structures/QEI19744.1.QEI19743.sensePlusOneAccession.pdb
-0.865572 -0.189437 -0.463571    -5.110913
-0.277311 -0.589489  0.758684    -8.164878
-0.416993  0.785249  0.457712     4.729827
>structures/QEI19895.1.QEI19896.sensePlusOneAccession.pdb
 0.562082  0.098339 -0.821214     5.100532
-0.683051  0.615073 -0.393862    -4.790542
 0.466374  0.782314  0.412893     5.587099
>structures/QEI20720.1.QEI20718.sensePlusTwoAccession.pdb
-0.173240  0.904693 -0.389253    -2.532388
 0.356060  0.426028  0.831698    -4.914996
 0.918264  0.005486 -0.395930    11.134025
>structures/QEI20720.1.QEI20719.sensePlusOneAccession.pdb
-0.962259 -0.072176 -0.262390    -4.756987
-0.049208 -0.902147  0.428614    -0.362095
-0.267649  0.425349  0.864547     9.077131
>structures/QVL32859.1.QVL32861.sensePlusOneAccession.pdb
 0.100587 -0.869419 -0.483727    13.925626
-0.604001  0.332988 -0.724087     4.046543
 0.790611  0.365005 -0.491636    37.196877
>structures/UBQ06690.1.UBQ06689.sensePlusOneAccession.pdb
-0.822509 -0.568672  0.009554    -1.985878
 0.114049 -0.148452  0.982321    -9.256141
-0.557200  0.809058  0.186959     3.985165
>structures/UEO02151.1.UEO02149.sensePlusTwoAccession.pdb
-0.330608  0.885803 -0.325656    -2.825825
 0.220076  0.407906  0.886104    -6.907062
 0.917750  0.221284 -0.329801    10.714341
>structures/UEO02151.1.UEO02150.sensePlusOneAccession.pdb
-0.119602  0.074222  0.990044     1.625132
 0.809674 -0.569807  0.140530    -2.473444
 0.574564  0.818420  0.008054     1.947639
>structures/UEO03725.1.UEO03726.sensePlusOneAccession.pdb
-0.569506  0.809767 -0.141211    -6.392521
 0.113474  0.247598  0.962195    -6.934794
 0.814117  0.531952 -0.232896    11.004604
>structures/UEO03725.1.UEO03727.sensePlusTwoAccession.pdb
-0.267127  0.323495  0.907741     4.717513
 0.874091 -0.315249  0.369571    -2.891688
 0.405719  0.892171 -0.198553     0.550784
>structures/UEO04322.1.UEO04321.sensePlusOneAccession.pdb
 0.178618 -0.084415 -0.980291     4.698641
-0.727592 -0.682024 -0.073843    -0.707628
-0.662349  0.726441 -0.183241     0.836502
>structures/UEO04809.1.UEO04810.sensePlusOneAccession.pdb
-0.034282  0.325466  0.944932     5.164610
 0.972151 -0.208465  0.107072    -4.930359
 0.231834  0.922288 -0.309255     2.326177
>structures/UEO04809.1.UEO04811.sensePlusTwoAccession.pdb
 0.302380  0.775976 -0.553559     1.194444
-0.907772  0.057310 -0.415531    -4.841542
-0.290717  0.628154  0.721738    -0.844917
>structures/UEO05650.1.UEO05651.sensePlusOneAccession.pdb
 0.876917 -0.478332  0.047054     4.647116
-0.259211 -0.553094 -0.791768    -3.367726
 0.404753  0.682119 -0.609007     9.930243
>structures/UEO05650.1.UEO05652.sensePlusTwoAccession.pdb
-0.892754  0.140699 -0.428013    -7.719184
-0.142482  0.813065  0.564467    -6.171388
 0.427422  0.564915 -0.705820    10.870935
>structures/UEO05991.1.UEO05990.sensePlusOneAccession.pdb
 0.263287  0.027932 -0.964313     3.095488
-0.731826 -0.645511 -0.218509     0.342290
-0.628578  0.763240 -0.149513     1.515182
>structures/UEO06636.1.UEO06635.sensePlusOneAccession.pdb
 0.853428  0.127316 -0.505422     4.874518
-0.250168  0.950766 -0.182922    -1.177465
 0.457249  0.282551  0.843261     5.079766
>structures/UEO07578.1.UEO07577.sensePlusOneAccession.pdb
 0.813728  0.133208 -0.565776     2.283868
-0.226949  0.968935 -0.098281     1.612638
 0.535108  0.208376  0.818681     4.667512
