>structures/ACX73657.1.pdb
 0.965533 -0.248829 -0.076356    -0.837352
 0.259270  0.945300  0.197958     4.032792
 0.022922 -0.210932  0.977232    21.056465
>structures/ACX74513.1.pdb
 0.984230  0.167463  0.056982    -4.439313
-0.167303  0.985876 -0.007606     5.907484
-0.057451 -0.002047  0.998346    26.691848
>structures/AKJ64800.1.pdb
 0.879778  0.463848 -0.104097     1.121626
-0.474312  0.841781 -0.257746    -1.015445
-0.031928  0.276134  0.960589    -3.444636
>structures/AQU99646.1.pdb
 0.983359 -0.168300  0.068412    -2.973563
 0.177415  0.970675 -0.162219     4.751079
-0.039104  0.171657  0.984380     2.893646
>structures/ARN57239.1.pdb
 0.005863  0.502322  0.864661     3.467244
 0.525470 -0.737219  0.424722     3.250815
 0.850792  0.451863 -0.268278     3.326162
>structures/QAR33784.1.pdb
 1.000000  0.000000  0.000000     0.000000
 0.000000  1.000000  0.000000     0.000000
 0.000000  0.000000  1.000000     0.000000
