>structures/ACX76601_smDom.pdb
 1.000000  0.000000  0.000000     0.000000
 0.000000  1.000000  0.000000     0.000000
 0.000000  0.000000  1.000000     0.000000
>structures/ADB15801_smDom.pdb
-0.793316  0.308228 -0.525019   -25.209459
-0.424593  0.337922  0.839958    -0.776779
 0.436314  0.889272 -0.137208   -11.978989
>structures/AEO48101_smDom.pdb
 0.113395 -0.127396  0.985349  -116.767031
-0.136670 -0.984318 -0.111534   -25.811342
 0.984105 -0.122020 -0.129028   132.951975
>structures/Aaeolicus_motA_8gqy.pdb
 0.672849  0.364668  0.643655  -241.082271
 0.153897 -0.920026  0.360371    51.678463
 0.723596 -0.143419 -0.675160    18.858276
>structures/ExbB_Ecoli_5sv0.pdb
-0.355786  0.282414 -0.890875   -71.981314
-0.565726  0.693677  0.445833    56.476599
 0.743889  0.662612 -0.087031     3.468864
