>structures/AAC07083.1.pdb
-0.423094  0.603186  0.676134    -0.937830
 0.462244 -0.498118  0.733628     0.506829
 0.779309  0.622932 -0.068068    -0.867691
>structures/AAR36419.1.pdb
 0.306874  0.778063 -0.548130     0.464289
-0.767058 -0.138749 -0.626395    -2.205609
-0.563427  0.612672  0.554241    -1.991357
>structures/ABA04498.1.pdb
 0.355360  0.825232 -0.438990     1.706932
-0.825715  0.057033 -0.561197    -2.456417
-0.438081  0.561907  0.701673    -0.015905
>structures/ACL65905.1.pdb
 0.432797  0.775321 -0.459961     0.673316
-0.778370  0.063992 -0.624535    -1.864249
-0.454782  0.628317  0.631183    -0.860783
>structures/ADB18997.1.pdb
 1.000000  0.000000  0.000000     0.000000
 0.000000  1.000000  0.000000     0.000000
 0.000000  0.000000  1.000000     0.000000
>structures/ADC89566.1.pdb
 0.943061 -0.314361 -0.108688    -0.147748
 0.331319  0.916671  0.223475    -1.235456
 0.029379 -0.246761  0.968631    -0.455198
>structures/ADL42743.1.pdb
 0.998708 -0.019654 -0.046863    -0.072035
 0.018549  0.999542 -0.023907    -1.767317
 0.047312  0.023007  0.998615    -1.201182
>structures/AEO48324.1.pdb
 0.636133  0.749850 -0.181827     0.535752
-0.725548  0.501157 -0.471615    -0.857791
-0.262516  0.431934  0.862855     0.429663
>structures/AFL88473.1.pdb
 0.853745  0.499688 -0.146393     1.687151
-0.514647  0.767085 -0.383038    -2.904302
-0.079103  0.402358  0.912059    -2.122992
>structures/AIQ92767.1.pdb
 0.511937  0.802217 -0.307196     1.122822
-0.807134  0.326799 -0.491668    -1.769474
-0.294033  0.499651  0.814797    -0.730230
>structures/AJH79515.1.pdb
 0.667205  0.712143 -0.218379     0.138091
-0.712412  0.524480 -0.466252    -0.607395
-0.217503  0.466661  0.857275     0.134422
>structures/ALA58549.1.pdb
 0.521732  0.758718 -0.390056     0.627416
-0.780337  0.239644 -0.577621    -2.340694
-0.344776  0.605738  0.717085    -1.663186
>structures/ALF47869.1.pdb
-0.235456  0.474401 -0.848236    -0.309393
-0.508094 -0.804091 -0.308673    -1.296294
-0.828493  0.358304  0.430368    -0.640541
>structures/QFG02534.1.pdb
 0.187549  0.797335 -0.573656     0.921780
-0.766794 -0.246150 -0.592822    -1.683537
-0.613883  0.551059  0.565227    -0.091483
>structures/QNQ12173.1.pdb
 0.834905  0.537845 -0.116861     0.579666
-0.539824  0.758791 -0.364453    -3.739024
-0.107347  0.367368  0.923860    -2.457192
>structures/QOY85398.1.pdb
 0.981392 -0.170105 -0.089072     0.047800
 0.184949  0.962099  0.200400    -1.779909
 0.051607 -0.213145  0.975657    -1.419289
>structures/QOY88866.1.pdb
 0.804676  0.572407 -0.157629    -0.168507
-0.581753  0.707144 -0.401885    -1.892000
-0.118576  0.415089  0.902021    -1.644068
>structures/QTD53836.1.pdb
 0.993175  0.115321 -0.017422     1.665151
-0.116191  0.991285 -0.062084    -1.507050
 0.010110  0.063684  0.997919    -0.503687
>structures/UPH48256.1.pdb
 0.961595  0.272152 -0.035601     1.028101
-0.274044  0.944763 -0.179782    -0.342039
-0.015294  0.182634  0.983062     0.195822
>structures/USF23676.1.pdb
 0.360573 -0.802806 -0.474858    -0.289502
 0.824834  0.036756  0.564178    -0.124069
-0.435472 -0.595107  0.675435    -0.871412
