>structures/6tyi.pdb
 0.748593 -0.399765 -0.528959    23.528120
-0.007205  0.792838 -0.609390   -10.631906
 0.662991  0.459996  0.590632  -182.441862
>structures/6ysl.pdb
-0.550899  0.590908  0.589354   -59.594023
-0.617617  0.186289 -0.764098   135.208720
-0.561302 -0.784936  0.262328   104.144608
>structures/AAC73831.pdb
 0.621088  0.721538  0.305995    -1.980553
-0.374663  0.616271 -0.692703     0.728790
-0.688388  0.315584  0.653092    -1.065107
>structures/AAC76042.pdb
 0.997502  0.010551 -0.069850    -1.786444
-0.005142  0.997005  0.077170     1.749057
 0.070455 -0.076619  0.994568    -1.185272
>structures/AAG04082.pdb
 0.479960  0.798515  0.363335     1.473423
-0.319132  0.544699 -0.775537    -1.684120
-0.817186  0.256275  0.516266    -0.290464
>structures/ABF90492.pdb
 0.998154 -0.039307 -0.046299    -0.692361
 0.041284  0.998241  0.042545    -0.351964
 0.044545 -0.044378  0.998021    -1.034579
>structures/ABF91581.pdb
 0.999541  0.013194 -0.027280    -0.620098
-0.012516  0.999612  0.024873     0.770730
 0.027597 -0.024521  0.999318    -0.487430
>structures/ABF92363.pdb
 0.998529  0.037236  0.039424     0.328949
-0.036272  0.999032 -0.024904     0.431766
-0.040313  0.023437  0.998912     0.811837
>structures/ABF92421.pdb
 0.998045  0.061131  0.013034    -0.625839
-0.061043  0.998110 -0.007031     0.979003
-0.013440  0.006221  0.999890     0.308410
>structures/ACX73657.pdb
 0.332216  0.817329  0.470750     4.163126
-0.274353  0.561254 -0.780849    -1.162378
-0.902421  0.130258  0.410694     3.923647
>structures/ADD68377.pdb
 0.994217 -0.106791  0.011307    -0.768629
 0.105804  0.992124  0.067046    -0.572398
-0.018377 -0.065462  0.997686    -1.329637
>structures/AHZ83417.pdb
 0.990909 -0.071609 -0.113893     1.157634
 0.073341  0.997245  0.011084     1.877320
 0.112785 -0.019336  0.993431    -4.249582
>structures/AHZ86092.pdb
 0.999810  0.005305 -0.018761    -0.582252
-0.005053  0.999897  0.013410     0.479932
 0.018831 -0.013313  0.999734    -0.671994
>structures/AJJ31614.pdb
 0.999999  0.000748 -0.000922    -0.104801
-0.000742  0.999980  0.006232     0.002877
 0.000927 -0.006231  0.999980    -0.037373
>structures/AJJ31712.pdb
 0.999147  0.036311  0.019678    -0.113983
-0.036054  0.999262 -0.013274     0.476382
-0.020146  0.012553  0.999718     0.322595
>structures/APC07901.pdb
 0.997766  0.037777  0.055092     0.315371
-0.031382  0.993140 -0.112645    -1.755841
-0.058970  0.110664  0.992107     1.040786
>structures/AQU99646.pdb
 1.000000  0.000000  0.000000     0.000000
 0.000000  1.000000  0.000000     0.000000
 0.000000  0.000000  1.000000     0.000000
>structures/QAR33783.pdb
 0.998893  0.007907 -0.046364    -1.081999
-0.006753  0.999665  0.024992     0.518630
 0.046546 -0.024651  0.998612    -0.869967
>structures/QEO41016.pdb
 0.999598  0.025445  0.012537    -0.176966
-0.025334  0.999639 -0.008929     0.189860
-0.012760  0.008608  0.999882     0.196860
>structures/QEO41299.pdb
 0.997549  0.027626  0.064286     0.516911
-0.025075  0.998879 -0.040157    -0.608532
-0.065323  0.038446  0.997123     1.824044
