>structures/AAG03587.1.pdb
-0.194790 -0.307878 -0.931272    -2.579977
 0.421387 -0.883640  0.203992     5.204049
-0.885714 -0.352690  0.301860    -2.543263
>structures/AAR33363.1.pdb
-0.296506  0.800510  0.520834    -0.443847
 0.784689 -0.106657  0.610645     1.417647
 0.544378  0.589753 -0.596527     0.100947
>structures/ABC76751.1.pdb
 0.954664 -0.280236 -0.100417    -0.194346
 0.293422  0.942720  0.158692     0.597178
 0.050194 -0.180962  0.982208    -2.101413
>structures/ABF85904.1.pdb
 0.870071  0.486212 -0.081088     1.064034
-0.485450  0.816656 -0.312106     0.924863
-0.085528  0.310919  0.946580    -1.928701
>structures/ABF91342.1.pdb
 0.998325 -0.056606  0.011924    -1.376231
 0.055976  0.997288  0.047775     0.751184
-0.014596 -0.047027  0.998787    -1.051386
>structures/ABL64907.1.pdb
 0.989209 -0.139875 -0.043606     0.537757
 0.143670  0.984408  0.101485     0.506280
 0.028731 -0.106655  0.993881    -2.615337
>structures/ACL63649.1.pdb
-0.050751  0.772747  0.632681    -2.041330
 0.754108 -0.385690  0.531568     1.436766
 0.654787  0.504088 -0.563161    -0.527209
>structures/ACL64052.1.pdb
 0.986542 -0.163333 -0.007576    -0.087355
 0.163247  0.981285  0.102133     0.746723
-0.009248 -0.101996  0.994742    -2.057520
>structures/ACO32834.1.pdb
 0.988041  0.153589  0.013594     1.505241
-0.152154  0.985480 -0.075348     1.840994
-0.024969  0.072379  0.997065    -0.798351
>structures/ACX73814.1.pdb
 0.980086  0.197904 -0.016283    -0.311478
-0.198513  0.974477 -0.104823     0.861863
-0.004877  0.105968  0.994358    -1.045003
>structures/ADO70054.1.pdb
 0.995587  0.073627  0.058184     2.304633
-0.072662  0.997184 -0.018533     1.260118
-0.059385  0.014224  0.998134    -2.261674
>structures/ADO73220.1.pdb
 0.853432 -0.505463 -0.127125    -2.111243
 0.516926  0.789681  0.330440    -0.165659
-0.066637 -0.347723  0.935226    -2.609108
>structures/ADO74176.1.pdb
 0.998425 -0.049102  0.027139    -0.502838
 0.048340  0.998437  0.028033     1.021063
-0.028473 -0.026677  0.999239    -2.015586
>structures/ADO75002.1.pdb
 0.901767  0.428128 -0.059353     0.705300
-0.424736  0.852307 -0.305241     1.511986
-0.080095  0.300466  0.950424    -1.870532
>structures/ADO76074.1.pdb
 0.982507  0.185345  0.018082     0.179910
-0.182534  0.977721 -0.103650     1.168823
-0.036890  0.098536  0.994449    -2.303105
>structures/ADY81763.1.pdb
 0.773594  0.628556 -0.080435     0.240429
-0.603236  0.691598 -0.397238    -0.793310
-0.194057  0.355822  0.914184    -0.572989
>structures/ADY81773.1.pdb
 0.917220  0.396574 -0.037899    -1.049378
-0.388172  0.868264 -0.308935    -0.081509
-0.089609  0.298073  0.950328     1.933484
>structures/AFE07999.1.pdb
 0.942615  0.333619  0.013222    -0.397754
-0.319823  0.913589 -0.251135     0.987249
-0.095863  0.232495  0.967862    -1.661397
>structures/AFE08685.1.pdb
 0.969918  0.243333 -0.006983     1.273533
-0.239436  0.948422 -0.207763     1.038286
-0.043933  0.203185  0.978154    -1.518547
>structures/AFE08686.1.pdb
 0.885249  0.464663 -0.020565     1.635802
-0.449538  0.843410 -0.294237     0.090711
-0.119376  0.269718  0.955511    -1.131916
>structures/AFE10515.1.pdb
 0.987307  0.155457  0.032530     1.788445
-0.152306  0.984791 -0.083600     1.655917
-0.045031  0.077585  0.995968    -2.773705
>structures/AFE10516.1.pdb
 0.993946 -0.109270 -0.011430    -1.125160
 0.109739  0.992404  0.055597     0.906429
 0.005268 -0.056515  0.998388    -1.594189
>structures/AFL86415.1.pdb
 0.994571  0.102991  0.014890     0.586967
-0.102958  0.994681 -0.002967     0.087718
-0.015117  0.001417  0.999885    -0.175165
>structures/AFL88265.1.pdb
 0.865508  0.496777 -0.064102    -0.698054
-0.487584  0.806273 -0.334940     1.824601
-0.114707  0.321149  0.940056    -0.936662
>structures/AKJ63346.1.pdb
 0.775142 -0.616364 -0.138744    -1.161892
 0.615856  0.688147  0.383635    -0.390566
-0.140983 -0.382818  0.913003     0.459945
>structures/AMW06740.1.pdb
 0.914009 -0.405693 -0.000803    -0.798005
 0.389403  0.876750  0.282267     1.092764
-0.113810 -0.258307  0.959335    -1.453212
>structures/APW42557.1.pdb
-0.251847  0.798233  0.547173    -0.618504
 0.818287 -0.126229  0.560779     0.203838
 0.516701  0.588975 -0.621393    -0.497415
>structures/APW44370.1.pdb
 0.952668  0.301436  0.039484    -0.326009
-0.292166  0.943695 -0.155175     0.741626
-0.084036  0.136295  0.987098    -0.728008
>structures/ATU63282.1.pdb
 0.939617  0.342228 -0.000294     2.159469
-0.339059  0.930797 -0.136591     0.236738
-0.046471  0.128443  0.990628    -2.533865
>structures/ATU64277.1.pdb
 0.765166  0.638447 -0.083107     0.390586
-0.613440  0.683755 -0.395185     0.819496
-0.195480  0.353363  0.914834    -1.883233
>structures/ATX79746.1.pdb
-0.168267  0.811944  0.558958     0.932071
 0.763133 -0.251625  0.595242     0.491018
 0.623950  0.526718 -0.577281    -2.225759
>structures/ATX81939.1.pdb
-0.037263  0.790710  0.611056     1.399820
 0.715237 -0.405939  0.568902     0.357359
 0.697888  0.458249 -0.550418    -1.777479
>structures/AVM45096.1.pdb
 0.989116  0.135936  0.056310    -0.819376
-0.135678  0.990717 -0.008387    -0.012688
-0.056927  0.000655  0.998378     1.975417
>structures/AWV88602.1.pdb
 0.897544 -0.430703 -0.094398     0.345513
 0.440779  0.870906  0.217339     1.104146
-0.011397 -0.236680  0.971521    -2.205357
>structures/AWV89332.1.pdb
-0.030424  0.729260  0.683560    -1.770468
 0.672576 -0.490957  0.553717     0.516865
 0.739402  0.476592 -0.475546    -0.160852
>structures/BAG40198.1.pdb
 0.933929 -0.355009 -0.041770     2.501336
 0.350152  0.885071  0.306663     2.112397
-0.071899 -0.301027  0.950901    -3.521405
>structures/BAH38987.1.pdb
 0.768792 -0.631356 -0.101725    -0.476840
 0.608453  0.673195  0.420231     0.861543
-0.196835 -0.384965  0.901697    -1.290446
>structures/BAH39052.1.pdb
 0.965084  0.261883  0.005492     1.632493
-0.260134  0.960676 -0.097120     0.246045
-0.030711  0.092301  0.995257    -2.316290
>structures/BAM06957.1.pdb
 0.935939 -0.348560 -0.050250    -1.304011
 0.352107  0.923659  0.151243     0.249514
-0.006303 -0.159247  0.987219     1.166131
>structures/BCB95125.1.pdb
 0.918134 -0.386699 -0.086569    -0.283122
 0.394996  0.875568  0.278133     1.499024
-0.031757 -0.289557  0.956634    -2.502342
>structures/CAL34348.1.pdb
 0.886637 -0.458712 -0.058812     1.888769
 0.451271  0.830335  0.326954     0.716189
-0.101144 -0.316429  0.943209    -3.636392
>structures/CCB87689.1.pdb
 0.637623 -0.744570 -0.197620    -0.411351
 0.741383  0.523428  0.419968     0.925553
-0.209256 -0.414293  0.885761    -0.148479
>structures/EKT87439.2.pdb
 0.649949  0.729382 -0.213466    -0.762752
-0.724287  0.509422 -0.464648     0.659226
-0.230162  0.456608  0.859380     0.332359
>structures/QJR34785.1.pdb
 0.999494  0.013116 -0.028980     1.425424
-0.012353  0.999577  0.026339     0.069846
 0.029313 -0.025968  0.999233    -2.650195
>structures/QJR34845.1.pdb
 0.996818 -0.057776  0.054925    -1.322294
 0.055470  0.997550  0.042617     1.418696
-0.057252 -0.039434  0.997581    -0.662091
>structures/QNQ10683.1.pdb
-0.296490  0.830586  0.471403    -0.466770
 0.823047 -0.028161  0.567275    -0.203201
 0.484446  0.556178 -0.675262    -1.098499
>structures/QOY87643.1.pdb
 0.999070  0.021594  0.037314     0.739294
-0.021329  0.999744 -0.007499     2.049539
-0.037467  0.006696  0.999275    -1.269362
>structures/QOY88067.1.pdb
 0.983164 -0.181057  0.024633    -0.586475
 0.174320  0.969795  0.170617    -0.114068
-0.054780 -0.163451  0.985029    -1.406472
>structures/QTD52661.1.pdb
 1.000000  0.000000  0.000000     0.000000
 0.000000  1.000000  0.000000     0.000000
 0.000000  0.000000  1.000000     0.000000
>structures/QUV79767.1.pdb
 0.907855 -0.416987 -0.043835    -0.257427
 0.409928  0.860767  0.301728     0.844290
-0.088085 -0.291894  0.952386    -0.297153
>structures/SLM46359.1.pdb
-0.173519  0.777146  0.604926     0.535631
 0.748794 -0.294867  0.593600     0.004631
 0.639687  0.555966 -0.530757    -1.884246
>structures/SNW07143.1.pdb
-0.065009  0.761068  0.645407     0.603773
 0.702667 -0.424326  0.571145    -0.294455
 0.708543  0.490635 -0.507193    -0.619102
>structures/UBQ04634.1.pdb
 0.897320  0.439250  0.043304    -0.760924
-0.407815  0.862610 -0.299317     0.559633
-0.168829  0.250923  0.953171    -0.974846
>structures/UBQ06174.1.pdb
 0.115237  0.629145  0.768698    -1.893401
 0.607926 -0.656674  0.446323    -0.300976
 0.785586  0.415879 -0.458147    -0.863464
