>structures/AAR36419.1.AAR36420.sensePlusOneAccession.pdb
 0.675528  0.651007 -0.346198    -2.433458
-0.231062  0.632784  0.739050    -1.934758
 0.700195 -0.419255  0.577886     1.224735
>structures/ABA04498.1.ABA04499.sensePlusOneAccession.pdb
 0.750487  0.367516 -0.549274    -2.808080
 0.462229  0.302124  0.833706    -0.149888
 0.472349 -0.879575  0.056864    -2.116415
>structures/ACL65905.1.ACL65906.sensePlusOneAccession.pdb
 0.423989  0.470821  0.773667    -3.141464
-0.108931  0.874560 -0.472524    -0.196142
-0.899093  0.116069  0.422090    -0.140501
>structures/ADB18997.1.ADB18998.sensePlusOneAccession.pdb
 0.946141 -0.212040  0.244656    -4.645743
 0.269100  0.935213 -0.230136    -1.646062
-0.180007  0.283578  0.941903    -0.364940
>structures/ADC89566.1.ADC89567.sensePlusOneAccession.pdb
 0.955849 -0.240886  0.168307    -2.669098
 0.119450  0.841791  0.526421    -1.174912
-0.268487 -0.483075  0.833399    -0.470171
>structures/ADL42743.1.ADL42742.sensePlusOneAccession.pdb
 0.616325 -0.626176 -0.477543    -3.566642
 0.579001 -0.050699  0.813749     0.383790
-0.533761 -0.778032  0.331309    -0.984193
>structures/AEO48324.1.AEO48325.sensePlusOneAccession.pdb
 0.745333 -0.655744  0.120325    -2.647603
 0.355260  0.543366  0.760621    -0.253584
-0.564153 -0.524169  0.637948     1.039230
>structures/AFL88473.1.AFL88474.sensePlusOneAccession.pdb
 0.871887 -0.368207  0.322859    -1.904951
 0.282320  0.916636  0.282975    -0.999483
-0.400137 -0.155572  0.903154    -1.567596
>structures/AIQ92767.1.AIQ92766.sensePlusOneAccession.pdb
 0.708938 -0.004001 -0.705259    -0.864486
 0.693051  0.189289  0.695593    -0.213709
 0.130714 -0.981913  0.136967    -0.592337
>structures/AJH79515.1.AJH78804.sensePlusOneAccession.pdb
 0.692038 -0.703302 -0.162636    -2.781923
 0.206446 -0.023063  0.978186    -1.916613
-0.691711 -0.710517  0.129234     0.085811
>structures/ALA58549.1.ALA58548.sensePlusOneAccession.pdb
 0.909580  0.138893 -0.391629    -4.106415
 0.248132  0.574445  0.780028    -1.328589
 0.333310 -0.806673  0.488040     3.028699
>structures/ALF47869.1.ALF47868.sensePlusOneAccession.pdb
 0.818132  0.271600 -0.506846    -2.737662
 0.519363  0.029325  0.854050    -1.572695
 0.246823 -0.961963 -0.117068     0.770484
>structures/ALU34477.1.ALU34476.sensePlusOneAccession.pdb
 0.967925 -0.236952 -0.083520    -2.340357
 0.185364  0.449119  0.874032    -0.282863
-0.169593 -0.861479  0.478636     0.364252
>structures/ALU36624.1.ALU36625.sensePlusOneAccession.pdb
 0.972287 -0.140931 -0.186539    -3.351057
 0.233203  0.641193  0.731087     0.178490
 0.016575 -0.754328  0.656289     0.096934
>structures/AOO65115.1.AOO65114.sensePlusOneAccession.pdb
 0.017234  0.810338  0.585709    -0.526212
 0.775700  0.358778 -0.519200     0.761369
-0.630867  0.463282 -0.622396     0.156266
>structures/APC07539.1.APC07538.sensePlusOneAccession.pdb
 0.837512  0.358219 -0.412618    -2.338733
-0.387837  0.921637  0.012916     0.894021
 0.384911  0.149212  0.910813     0.309211
>structures/APC07901.1.APC07902.sensePlusOneAccession.pdb
 0.815501  0.423462 -0.394510    -3.732230
 0.419894  0.036218  0.906850     1.940335
 0.398305 -0.905189 -0.148274    -0.346007
>structures/APC08935.1.APC08936.sensePlusOneAccession.pdb
 0.926848  0.372744 -0.044880    -1.416815
-0.368158  0.925787  0.085898    -1.014342
 0.073567 -0.063091  0.995293     0.605525
>structures/ATO49114.1.ATO49113.sensePlusOneAccession.pdb
-0.324879 -0.209215 -0.922324    -6.280261
-0.923166 -0.141721  0.357323   -10.714353
-0.205470  0.967545 -0.147098     3.535587
>structures/ATO49967.1.ATO49968.sensePlusOneAccession.pdb
 0.882847  0.035666 -0.468305    -3.843789
 0.419680  0.387698  0.820706     1.822607
 0.210832 -0.921096  0.327310    -1.458827
>structures/ATX78565.1.ATX78566.sensePlusOneAccession.pdb
 0.900098  0.085203 -0.427276    -2.647174
 0.396302  0.247353  0.884173     1.670605
 0.181022 -0.965172  0.188875     0.005387
>structures/ATX78565.1.ATX78567.sensePlusTwoAccession.pdb
 0.815232  0.495825 -0.299255    -2.427703
 0.097558  0.391770  0.914876     0.228633
 0.570858 -0.775031  0.271012     0.943272
>structures/ATX82900.1.ATX82901.sensePlusOneAccession.pdb
 0.797606  0.426021 -0.427002    -2.087767
 0.234884  0.432667  0.870419     1.876110
 0.555567 -0.794547  0.245032     1.191123
>structures/ATX82900.1.ATX82902.sensePlusTwoAccession.pdb
 0.860563  0.214169 -0.462130    -2.135649
 0.147947  0.763080  0.629143     1.130912
 0.487385 -0.609787  0.624993     0.347213
>structures/AWG41586.1.AWG41585.sensePlusOneAccession.pdb
 0.672425  0.490481 -0.554323    -2.691197
 0.059461  0.710701  0.700977     1.969742
 0.737773 -0.504315  0.448728     0.370889
>structures/BAM06016.1.BAM06017.sensePlusOneAccession.pdb
 0.754285 -0.299763 -0.584120    -0.896905
 0.652021  0.446295  0.612935     1.695971
 0.076955 -0.843186  0.532085     0.805100
>structures/BAS27507.1.BAS27508.sensePlusOneAccession.pdb
 0.710234 -0.634255  0.305430    -4.458017
 0.644770  0.760242  0.079397     1.435174
-0.282558  0.140542  0.948899    -1.483678
>structures/BCB96091.1.BCB96092.sensePlusOneAccession.pdb
 0.248451  0.510126  0.823434    -2.655441
-0.052524  0.855933 -0.514412     0.699893
-0.967220  0.084556  0.239451    -0.088731
>structures/CAB13242.1.CAB13241.sensePlusOneAccession.pdb
 0.953019 -0.051407 -0.298517    -4.861862
 0.298857  0.320262  0.898953     0.408506
 0.049392 -0.945933  0.320579    -1.127921
>structures/CAB14951.1.CAB14950.sensePlusOneAccession.pdb
 0.306877 -0.157060 -0.938700    -1.672725
-0.302781 -0.951160  0.060160    -1.179575
-0.902303  0.265759 -0.339444     0.474784
>structures/CAD76169.1.CAD76170.sensePlusOneAccession.pdb
 0.676342  0.729146  0.104435    -2.481260
-0.487854  0.549653 -0.678145    -1.925414
-0.551870  0.407709  0.727470    -2.146459
>structures/CAL34488.1.CAL34487.sensePlusOneAccession.pdb
 0.790773 -0.541904 -0.284636     1.704826
 0.400254  0.105956  0.910258     1.799237
-0.463114 -0.833735  0.300686    -3.417418
>structures/CCW35905.1.CCW35906.sensePlusOneAccession.pdb
 0.559288  0.371763 -0.740938    -4.598423
 0.076385  0.866888  0.492616     3.659217
 0.825447 -0.332111  0.456442     0.466211
>structures/CDK98228.1.CDK98227.sensePlusOneAccession.pdb
 0.522148  0.658854 -0.541546    -3.136896
 0.305285  0.448516  0.840021    -0.168297
 0.796343 -0.603941  0.033053    -0.616332
>structures/QAR32385.1.QAR32386.sensePlusOneAccession.pdb
 0.972190  0.097463 -0.212949    -1.961919
 0.233433 -0.330092  0.914630     1.703699
 0.018849 -0.938904 -0.343663     0.270632
>structures/QAT61614.1.QAT61615.sensePlusOneAccession.pdb
 0.903112  0.084320 -0.421046    -1.837923
 0.423473 -0.012454  0.905823     1.317321
 0.071135 -0.996361 -0.046955    -0.022163
>structures/QAT63225.1.QAT63224.sensePlusOneAccession.pdb
 0.918355 -0.048651 -0.392757    -3.594643
 0.379951  0.386064  0.840590    -0.569680
 0.110734 -0.921188  0.373029    -0.060987
>structures/QFG02534.1.QFG02533.sensePlusOneAccession.pdb
 0.992723 -0.120096  0.008778    -4.381946
 0.116145  0.935716 -0.333086     2.567704
 0.031789  0.331682  0.942856     1.191545
>structures/QNQ12173.1.QNQ09332.antisensePlusTwoAccession.pdb
 0.620708  0.550614 -0.558162    -7.950190
 0.534702  0.223382  0.814981    -5.174629
 0.573424 -0.804316 -0.155760    -1.727383
>structures/UOY13875.1.UOY13874.sensePlusOneAccession.pdb
 0.672425  0.490481 -0.554323    -2.691197
 0.059461  0.710701  0.700977     1.969742
 0.737773 -0.504315  0.448728     0.370889
>structures/USF23676.1.USF23675.sensePlusOneAccession.pdb
 1.000000  0.000000  0.000000     0.000000
 0.000000  1.000000  0.000000     0.000000
 0.000000  0.000000  1.000000     0.000000
