>structures/AAC07752.1.pdb
 0.262697  0.456968  0.849807    -2.607615
 0.479320 -0.826184  0.296095     2.760616
 0.837402  0.329546 -0.436070     4.940220
>structures/ABG59284.1.pdb
-0.088977  0.727798  0.679995    -5.173602
 0.730527 -0.416389  0.541249     2.942353
 0.677062  0.544913 -0.494627     5.112566
>structures/ACB75629.1.pdb
 0.134643  0.547947  0.825606    -1.411878
 0.658012 -0.672405  0.338958     2.179513
 0.740872  0.497620 -0.451090     4.764113
>structures/ACD90995.1.pdb
 0.196944  0.462896  0.864257    -3.333543
 0.441837 -0.828835  0.343239     2.882443
 0.875210  0.314262 -0.367758     4.557289
>structures/ACX75484.1.pdb
 0.277903  0.451517  0.847881    -2.147850
 0.471343 -0.833185  0.289203     1.529909
 0.837022  0.319272 -0.444364     6.984838
>structures/ADB15652.1.pdb
-0.495964  0.804388  0.327079    -1.749945
 0.793613  0.267023  0.546697     2.009014
 0.352418  0.530716 -0.770806     4.448592
>structures/ADB17134.1.pdb
 0.324591  0.236228  0.915880    -0.011275
 0.320846 -0.938398  0.128327     2.404652
 0.889774  0.252202 -0.380389     1.982310
>structures/ADB17547.1.pdb
 0.108123  0.622692  0.774960    -3.084850
 0.656267 -0.630248  0.414851     1.964177
 0.746742  0.463726 -0.476796     5.104267
>structures/ADB18835.1.pdb
 0.209119  0.477737  0.853251    -1.204196
 0.604768 -0.748852  0.271064     1.638865
 0.768456  0.459334 -0.445520     6.150938
>structures/ADC89509.1.pdb
 0.935129  0.353686  0.020950    -2.980092
-0.343407  0.919331 -0.192098     2.655219
-0.087203  0.172442  0.981152     5.160909
>structures/ADO68798.1.pdb
 0.282050  0.424867  0.860195    -2.578494
 0.455102 -0.848552  0.269892     1.994013
 0.844588  0.315354 -0.432692     4.703187
>structures/ADO72879.1.pdb
 0.779413  0.621096 -0.082189    -2.170523
-0.595461  0.693599 -0.405397     2.731876
-0.194784  0.364912  0.910439     4.096193
>structures/ADV60824.1.pdb
 0.224042  0.523330  0.822150    -1.175107
 0.560839 -0.759145  0.330392     2.065235
 0.797035  0.387072 -0.463584     3.846110
>structures/ADV67905.1.pdb
 0.995501  0.085872  0.040052    -1.741285
-0.085216  0.996203 -0.017810     2.288489
-0.041429  0.014317  0.999039     2.577061
>structures/ADY59818.1.pdb
-0.047578  0.785177  0.617441    -2.759660
 0.851738 -0.291023  0.435716    -0.253037
 0.521804  0.546628 -0.654919     5.382016
>structures/AEW00830.1.pdb
 0.066699  0.638244  0.766940    -1.967121
 0.664183 -0.602007  0.443225     2.137565
 0.744588  0.479826 -0.464064     4.408060
>structures/AFE07995.1.pdb
 0.246130  0.530731  0.811015    -1.545528
 0.516128 -0.780019  0.353811     2.374499
 0.820385  0.331504 -0.465911     4.184677
>structures/AKD04823.1.pdb
-0.214320  0.826796  0.520072    -1.993008
 0.842137 -0.113335  0.527219     2.128599
 0.494845  0.550966 -0.671986     5.365154
>structures/AKJ63368.1.pdb
-0.185781  0.823374  0.536228    -3.697461
 0.819744 -0.171017  0.546601     2.427508
 0.541761  0.541118 -0.643184     6.672414
>structures/AKJ64362.1.pdb
 0.352220  0.117764  0.928479    -0.076242
 0.207451 -0.977199  0.045246     1.811979
 0.912636  0.176677 -0.368619     2.669426
>structures/ATX82358.1.pdb
 0.253744  0.360795  0.897464    -4.149729
 0.389518 -0.887388  0.246614     2.488438
 0.885376  0.287002 -0.365705     8.568383
>structures/AVM45415.1.pdb
 0.361652  0.284075  0.887980     0.136376
 0.308267 -0.935313  0.173668     1.323703
 0.879874  0.210928 -0.425829     4.242701
>structures/AVQ29523.1.pdb
 0.315491  0.338881  0.886355    -2.420664
 0.387584 -0.898612  0.205610     0.348434
 0.866166  0.278669 -0.414848     4.527381
>structures/AWI08882.1.pdb
 0.325864  0.235614  0.915587    -3.030108
 0.338219 -0.933408  0.119825     2.902634
 0.882848  0.270622 -0.383853     5.779904
>structures/AWV88047.1.pdb
 0.029193  0.695019  0.718398    -0.804411
 0.749445 -0.490790  0.444363     1.732108
 0.661423  0.525427 -0.535206     3.858841
>structures/AWV89461.1.pdb
 0.218853  0.503741  0.835672    -0.190577
 0.473238 -0.803763  0.360571     2.427767
 0.853316  0.316560 -0.414296     3.922493
>structures/AWV89791.1.pdb
 0.095980  0.646461  0.756886    -1.591149
 0.675189 -0.600997  0.427695     2.828248
 0.731374  0.469991 -0.494166     5.411635
>structures/BAC89082.1.pdb
 0.366228 -0.053563  0.928982    -1.552349
 0.011206 -0.998016 -0.061960     1.762708
 0.930458  0.033101 -0.364901     4.680876
>structures/QJE97381.1.pdb
 0.942143  0.332378 -0.043480     0.190743
-0.334912  0.927890 -0.163871     2.072655
-0.014123  0.168951  0.985523     1.977622
>structures/QJE97567.1.pdb
 1.000000  0.000000  0.000000     0.000000
 0.000000  1.000000  0.000000     0.000000
 0.000000  0.000000  1.000000     0.000000
>structures/QQS88170.1.pdb
 0.367940  0.320391  0.872909    -1.529467
 0.332183 -0.922106  0.198430     2.226686
 0.868490  0.216955 -0.445708     3.652489
>structures/QQS88496.1.pdb
-0.021096  0.762762  0.646335    -2.252574
 0.767190 -0.402182  0.499669     1.579657
 0.641073  0.506403 -0.576699     3.588129
>structures/UBQ05954.1.pdb
 0.308069  0.284053  0.907969    -1.744426
 0.331403 -0.926651  0.177455     2.077243
 0.891777  0.246236 -0.379608     3.254249
>structures/UNU17462.1.pdb
 0.024830  0.717497  0.696119    -0.506372
 0.772898 -0.455421  0.441838     1.462519
 0.634044  0.527058 -0.565860     2.087908
>structures/USF25003.1.pdb
 0.410779  0.134477  0.901763    -1.948626
 0.198253 -0.978571  0.055621     2.783882
 0.889919  0.155929 -0.428637     4.703668
