>structures/ABG59284.1.ABG59282.sensePlusTwoAccession.pdb
 0.667925  0.558093  0.492350    -4.537106
 0.233737 -0.785391  0.573174     0.159783
 0.706572 -0.267757 -0.655029     2.807115
>structures/ABG59284.1.ABG59283.sensePlusOneAccession.pdb
 0.348913  0.259941 -0.900383    -8.206384
-0.909930 -0.135930 -0.391856    -6.719170
-0.224249  0.956009  0.189101    16.227545
>structures/ABG60812.1.ABG60813.sensePlusOneAccession.pdb
 0.979725  0.200222  0.007019    -2.811129
-0.198197  0.973744 -0.111984    -0.986504
-0.029257  0.108322  0.993685     2.857578
>structures/ACB75629.1.ACB75627.sensePlusTwoAccession.pdb
 0.918376 -0.279053  0.280561    -1.888319
 0.224484  0.951282  0.211353     0.549301
-0.325871 -0.131120  0.936277    -0.499060
>structures/ACB75629.1.ACB75628.sensePlusOneAccession.pdb
 0.958906 -0.088114 -0.269696     3.325139
-0.145795 -0.968482 -0.201956    -3.882845
-0.243401  0.232977 -0.941529     8.503539
>structures/ACD90995.1.ACD90993.sensePlusTwoAccession.pdb
 0.597389 -0.604097  0.527441    -5.646746
 0.518197  0.792728  0.321021    -1.660828
-0.612045  0.081544  0.786608    -0.182231
>structures/ACD90995.1.ACD90994.sensePlusOneAccession.pdb
 0.584655 -0.702647  0.405542    -8.023768
 0.681184  0.696672  0.225025     3.028577
-0.440643  0.144687  0.885945     3.958929
>structures/ACF43024.1.ACF43025.sensePlusOneAccession.pdb
 0.246092  0.916159 -0.316372    -5.540311
-0.815112  0.019010 -0.578991     1.873717
-0.524434  0.400364  0.751451     4.674703
>structures/ACF43024.1.ACF43026.sensePlusTwoAccession.pdb
 0.617895 -0.467095  0.632478    -4.130248
 0.366708  0.882766  0.293684    -2.618522
-0.695508  0.050469  0.716744     0.031742
>structures/ACV38437.1.ACV38438.sensePlusOneAccession.pdb
 0.752915 -0.598902  0.272828    -4.760525
 0.460193  0.775465  0.432293    -0.210489
-0.470470 -0.199926  0.859469    -2.684951
>structures/ACX75484.1.ACX75485.sensePlusOneAccession.pdb
 0.231114 -0.967735  0.100379   -16.460481
-0.423440 -0.192937 -0.885141     1.041371
 0.875948  0.162064 -0.454368     1.778388
>structures/ACX75484.1.ACX75486.sensePlusTwoAccession.pdb
-0.237743 -0.507646 -0.828114    -5.749357
-0.603639  0.745153 -0.283491    -3.027113
 0.760985  0.432484 -0.483590    10.379024
>structures/ADB15652.1.ADB15650.sensePlusTwoAccession.pdb
-0.946318  0.073077  0.314868    -1.167029
 0.070455  0.997320 -0.019716    -1.836550
-0.315465  0.003526 -0.948931    -1.313723
>structures/ADB15652.1.ADB15651.sensePlusOneAccession.pdb
-0.377024  0.468181 -0.799162    -4.515984
-0.096117  0.838400  0.536514    -4.798879
 0.921203  0.279091 -0.271097    11.686467
>structures/ADB17134.1.ADB17135.sensePlusOneAccession.pdb
 0.845376 -0.509467 -0.160571     0.096399
 0.523137  0.728837  0.441729     1.776861
-0.108016 -0.457427  0.882662    -0.965247
>structures/ADB17547.1.ADB17548.sensePlusOneAccession.pdb
 0.617395 -0.088485 -0.781661     2.340290
 0.349348  0.921135  0.171659    -1.583700
 0.704826 -0.379053  0.599616     6.334611
>structures/ADB18835.1.ADB18836.sensePlusOneAccession.pdb
 0.022411  0.881361 -0.471912    -2.508152
 0.319270  0.441004  0.838798    -4.364439
 0.947399 -0.169465 -0.271509    15.000055
>structures/ADB18835.1.ADB18837.sensePlusTwoAccession.pdb
-0.939178  0.256398  0.228485    -3.700498
 0.280325  0.956672  0.078723    -0.699374
-0.198400  0.137985 -0.970359    -0.062870
>structures/ADC89509.1.ADC89508.sensePlusOneAccession.pdb
 0.829753 -0.509163 -0.228610    -1.574847
 0.557485  0.736386  0.383335     1.577515
-0.026835 -0.445520  0.894870    -0.698568
>structures/ADI15492.1.ADI15491.sensePlusOneAccession.pdb
 0.876662  0.432877 -0.209955    -0.838784
-0.460664  0.629405 -0.625809    -0.330107
-0.138752  0.645342  0.751187     1.964304
>structures/ADO44512.1.ADO44511.sensePlusOneAccession.pdb
 0.997089 -0.001526 -0.076237    -4.588627
 0.006131  0.998167  0.060215     0.303812
 0.076006 -0.060508  0.995270    -1.895041
>structures/ADO68798.1.ADO68799.sensePlusOneAccession.pdb
 0.763375 -0.611493 -0.208172     1.689303
-0.231894  0.041361 -0.971861    -0.073529
 0.602896  0.790168 -0.110228     9.226506
>structures/ADO68798.1.ADO68800.sensePlusTwoAccession.pdb
-0.586314  0.218482 -0.780065    -7.035949
-0.234683  0.875839  0.421700    -5.087387
 0.775345  0.430316 -0.462242    14.432394
>structures/ADO72879.1.ADO72877.sensePlusTwoAccession.pdb
 0.148878  0.597072 -0.788251    -1.966745
 0.584210  0.590038  0.557273    -1.814280
 0.797831 -0.543470 -0.260972    11.727072
>structures/ADO72879.1.ADO72878.sensePlusOneAccession.pdb
-0.747245 -0.059703  0.661861     2.290917
 0.608911 -0.460437  0.645930     0.115608
 0.266181  0.885683  0.380413     7.283237
>structures/ADV67905.1.ADV67906.sensePlusOneAccession.pdb
 0.701524 -0.656093 -0.278220    -1.987596
 0.712355  0.634427  0.300089     4.575950
-0.020376 -0.408711  0.912436     1.034453
>structures/ADY81529.1.ADY81530.sensePlusOneAccession.pdb
 0.004318 -0.842597 -0.538527    -6.707464
 0.995354  0.055423 -0.078734     6.331940
 0.096188 -0.535685  0.838922     1.775715
>structures/AEI15149.1.AEI15148.sensePlusOneAccession.pdb
 0.328028 -0.697691  0.636887     0.177191
 0.236426 -0.592102 -0.770401    -5.599567
 0.914604  0.403290 -0.029274     6.931130
>structures/AEW00830.1.AEW00829.sensePlusOneAccession.pdb
 1.000000  0.000000  0.000000     0.000000
 0.000000  1.000000  0.000000     0.000000
 0.000000  0.000000  1.000000     0.000000
>structures/AFE07994.1.AFE06167.sensePlusTwoAccession.pdb
-0.133817  0.721798 -0.679044    -2.942015
 0.316005  0.680516  0.661089    -3.866201
 0.939273 -0.126116 -0.319157    14.598353
>structures/AFE07994.1.AFE06168.sensePlusOneAccession.pdb
-0.153570  0.071898  0.985519    -0.758003
 0.987697 -0.018624  0.155269    -4.740501
 0.029518  0.997238 -0.068154     5.659085
>structures/AFE07995.1.AFE07538.sensePlusOneAccession.pdb
 0.929076 -0.326404 -0.174008     2.065361
-0.193346 -0.027499 -0.980745     0.713848
 0.315334  0.944830 -0.088657     6.846180
>structures/AFE07995.1.AFE07996.sensePlusTwoAccession.pdb
-0.465781  0.653034 -0.597156    -5.960068
 0.036807  0.688542  0.724262    -4.895722
 0.884134  0.315368 -0.344746    14.253261
>structures/AIE86461.1.AIE86462.sensePlusOneAccession.pdb
-0.092563  0.341989 -0.935134     2.398253
-0.747463  0.596603  0.292171    -8.735231
 0.657823  0.726022  0.200401     9.451292
>structures/AKD02510.1.AKD02511.sensePlusOneAccession.pdb
 0.114685  0.058163 -0.991698    -7.559460
-0.986111 -0.114057 -0.120729    -6.842077
-0.120132  0.991770  0.044275    15.434503
>structures/AKD02510.1.AKD02512.sensePlusTwoAccession.pdb
 0.126698 -0.971558  0.200055    -7.032083
 0.945497  0.179274  0.271839     3.451960
-0.299972  0.154710  0.941319     3.134003
>structures/AKD04823.1.AKD04822.sensePlusOneAccession.pdb
 0.954990  0.199965  0.219106    -0.819908
-0.231804  0.963958  0.130586     0.170260
-0.185096 -0.175498  0.966923    -0.704621
>structures/AKJ63368.1.AKJ63366.sensePlusTwoAccession.pdb
 0.688203 -0.578059 -0.438434     0.494319
 0.016207  0.616403 -0.787264     4.076438
 0.725337  0.534692  0.433579     5.154389
>structures/AKJ63368.1.AKJ63367.sensePlusOneAccession.pdb
 0.665004  0.746576 -0.019849    -2.976067
 0.556959 -0.478047  0.679167    -1.916186
 0.497561 -0.462704 -0.733715    13.667029
>structures/AKJ64099.1.AKJ64100.sensePlusOneAccession.pdb
-0.616334  0.213375 -0.758026    -5.988116
-0.238675  0.866699  0.438027    -6.397533
 0.750444  0.450893 -0.483249    12.654087
>structures/AKJ64099.1.AKJ64101.sensePlusTwoAccession.pdb
 0.863055 -0.338320  0.375067    -1.290951
 0.096426  0.839244  0.535137     0.661717
-0.495820 -0.425686  0.756937     0.696234
>structures/AKJ64362.1.AKJ64363.sensePlusOneAccession.pdb
 0.890748  0.310715  0.331700    -4.134342
-0.196870  0.921569 -0.334593     0.448733
-0.409647  0.232736  0.882056    -2.926455
>structures/AKJ65567.1.AKJ65566.sensePlusOneAccession.pdb
 0.994635  0.024720 -0.100453     1.432035
-0.040611  0.986382 -0.159379     0.586358
 0.095145  0.162604  0.982093     0.931601
>structures/AKL98121.1.AKL98120.sensePlusOneAccession.pdb
 0.995696 -0.092528  0.005275     1.077897
 0.090822  0.985506  0.143279     1.801875
-0.018456 -0.142183  0.989668     0.342256
>structures/ALW88052.1.ALW88053.sensePlusOneAccession.pdb
 0.665769 -0.694229 -0.273491    -2.741201
 0.745813  0.630280  0.215661     4.967058
 0.022658 -0.347554  0.937386    -0.592912
>structures/APW42522.1.APW42521.sensePlusOneAccession.pdb
 0.517238 -0.853957 -0.056763    -3.684846
 0.836840  0.518539 -0.175549     6.149397
 0.179345  0.043299  0.982833     3.430623
>structures/ARN57520.1.ARN57521.sensePlusOneAccession.pdb
-0.178195 -0.983910 -0.012978    -5.301569
 0.710744 -0.137821  0.689817    -0.596284
-0.680507  0.113698  0.723867    -0.869187
>structures/ATC62712.1.ATC62713.sensePlusOneAccession.pdb
-0.919490 -0.374976 -0.118026    -9.125630
-0.379307  0.925136  0.015805    -4.703250
 0.103264  0.059301 -0.992885    13.359976
>structures/ATC62712.1.ATC62714.sensePlusTwoAccession.pdb
 0.948582 -0.084478  0.305050    -3.009703
 0.099979  0.994355 -0.035525    -0.862760
-0.300327  0.064197  0.951673     0.274642
>structures/ATC64798.1.ATC64796.sensePlusTwoAccession.pdb
 0.338642  0.780564 -0.525396     0.404008
-0.836218 -0.006314 -0.548361     0.835609
-0.431349  0.625044  0.650583    -1.736968
>structures/ATC64798.1.ATC64797.sensePlusOneAccession.pdb
-0.635113  0.308808  0.708003   -13.700439
 0.528962 -0.494065  0.689999    -2.485654
 0.562877  0.812734  0.150440    13.599118
>structures/ATU65616.1.ATU68567.sensePlusOneAccession.pdb
 0.987587  0.043268  0.150993    -1.101347
-0.032643  0.996860 -0.072145     1.626284
-0.153641  0.066321  0.985899     0.957875
>structures/ATX79248.1.ATX79249.sensePlusOneAccession.pdb
 0.344217  0.090973 -0.934472     0.337751
 0.165477  0.973836  0.155759    -3.200434
 0.924193 -0.208249  0.320157    13.133850
>structures/ATX80498.1.ATX80497.sensePlusOneAccession.pdb
 0.990713 -0.135843 -0.005803    -1.989917
 0.135085  0.988247 -0.071549     0.532213
 0.015454  0.070101  0.997420    -1.401843
>structures/ATX81215.1.ATX81216.sensePlusOneAccession.pdb
 0.988620 -0.150421 -0.002130    -3.065355
 0.150368  0.987650  0.044011     2.213212
-0.004517 -0.043831  0.999029    -1.101311
>structures/ATX82358.1.ATX82357.sensePlusOneAccession.pdb
 0.881686 -0.173056 -0.438954     4.252701
 0.464661  0.156836  0.871489    -0.775619
-0.081973 -0.972345  0.218693     8.627121
>structures/AVQ29523.1.AVQ29522.sensePlusTwoAccession.pdb
 0.991208  0.106660 -0.078300    -1.040873
-0.121629  0.967467 -0.221841    -0.407667
 0.052091  0.229414  0.971934     2.291798
>structures/AWI08882.1.AWI08883.sensePlusOneAccession.pdb
-0.381404  0.820320 -0.426153    -8.555834
 0.542821  0.571896  0.615045    -4.455594
 0.748249  0.003255 -0.663410    15.026201
>structures/AWI08882.1.AWI08884.sensePlusTwoAccession.pdb
 0.766420  0.310012  0.562577    -2.959526
-0.464531  0.872396  0.152108    -2.216701
-0.443635 -0.377913  0.812631     0.713415
>structures/AWV88047.1.AWV88046.sensePlusTwoAccession.pdb
-0.308508  0.617978 -0.723137     0.093052
-0.638410 -0.698085 -0.324208     0.891143
-0.705164  0.361637  0.609888     1.256859
>structures/AWV89461.1.AWV89463.sensePlusOneAccession.pdb
-0.350117  0.146660  0.925153    -2.457836
 0.742841  0.645135  0.178853    -2.257521
-0.570618  0.749861 -0.334818     7.430479
>structures/AWV89791.1.AWV89789.sensePlusThreeAccession.pdb
 0.279380  0.936511  0.211881    -2.959778
-0.955025  0.248192  0.162261    -7.411437
 0.099372 -0.247684  0.963731    11.664242
>structures/AWV89791.1.AWV89790.sensePlusTwoAccession.pdb
 0.586074 -0.036969  0.809413    -7.423689
-0.555598  0.708785  0.434666    -1.410860
-0.589769 -0.704455  0.394861     2.721577
>structures/BAC89082.1.BAC89081.sensePlusOneAccession.pdb
 0.933423  0.119394 -0.338330    -0.634376
-0.331023  0.650278 -0.683786     3.266752
 0.138369  0.750256  0.646506     2.994785
>structures/BAC90343.1.BAC90344.sensePlusOneAccession.pdb
 0.465875  0.813260 -0.348667    -1.277853
-0.825276  0.257215 -0.502752    -1.320661
-0.319185  0.521967  0.790994     3.337475
>structures/BAM06053.1.BAM06052.sensePlusOneAccession.pdb
 0.837457 -0.079685 -0.540662     3.595780
-0.195797  0.879891 -0.432960     0.445263
 0.510224  0.468446  0.721269     4.837218
>structures/BAS27557.1.BAS27558.sensePlusOneAccession.pdb
 0.109739 -0.607225 -0.786915    -2.736541
 0.829241 -0.380564  0.409304     2.750012
-0.548011 -0.697459  0.461773    -2.228227
>structures/BBM36826.1.BBM36825.sensePlusOneAccession.pdb
 0.851810 -0.266906  0.450755    -3.476763
 0.161232  0.952275  0.259186    -2.062976
-0.498421 -0.148101  0.854191    -0.709563
>structures/BCI63438.1.BCI63436.sensePlusTwoAccession.pdb
 0.372304  0.308469  0.875350    -3.709078
-0.639576 -0.598185  0.482822    -0.688108
 0.672557 -0.739609 -0.025417     4.181485
>structures/BCI63438.1.BCI63437.sensePlusOneAccession.pdb
-0.346556 -0.514853 -0.784108    -8.926000
 0.258630 -0.855954  0.447721    -6.356639
-0.901671 -0.047633  0.429792    15.426228
>structures/BCI63565.1.BCI63566.sensePlusOneAccession.pdb
 0.876652 -0.478253  0.052487    -0.125754
 0.465275  0.870483  0.160554    -1.062948
-0.122475 -0.116329  0.985630     0.298337
>structures/CAD73493.1.CAD73494.sensePlusOneAccession.pdb
-0.714541  0.232984 -0.659658    -6.566734
-0.360105  0.685921  0.632326    -6.905836
 0.599796  0.689369 -0.406220    16.636230
>structures/CAD73493.1.CAD73495.sensePlusTwoAccession.pdb
-0.762016 -0.490776  0.422458    -3.745062
-0.488442  0.863939  0.122616     0.158170
-0.425155 -0.112911 -0.898051     1.441572
>structures/CAD76944.1.CAD76945.sensePlusOneAccession.pdb
-0.393725 -0.905361 -0.159069    -8.711396
 0.861574 -0.423783  0.279461     3.770492
-0.320424 -0.027019  0.946889     2.825700
>structures/CAD76944.1.CAD76946.sensePlusTwoAccession.pdb
 0.571223 -0.597873  0.562364    -3.072199
 0.302889 -0.483246 -0.821420    -3.946927
 0.762865  0.639548 -0.094952     1.465558
>structures/CCB87487.1.CCB87486.sensePlusOneAccession.pdb
 0.347049 -0.881835  0.319254    -7.825889
 0.416170  0.449866  0.790204    -3.852468
-0.840452 -0.141376  0.523119    -5.896898
>structures/CCW36281.1.CCW36280.sensePlusOneAccession.pdb
 0.987689 -0.149376  0.046441    -0.746517
 0.154855  0.975675 -0.155173     1.183567
-0.022132  0.160454  0.986795    -2.172769
>structures/QAR32927.1.QAR32928.sensePlusOneAccession.pdb
 0.943752  0.291652 -0.155790    -1.528854
-0.303227  0.951269 -0.056048     0.841582
 0.131852  0.100135  0.986199    -0.702729
>structures/QAR33430.1.QAR33429.sensePlusOneAccession.pdb
 0.970842 -0.223651 -0.086285    -0.380585
 0.227790  0.972828  0.041428     1.083446
 0.074675 -0.059875  0.995409     1.595711
>structures/QAT17178.1.QAT17177.sensePlusOneAccession.pdb
 0.621047  0.418227 -0.662863     4.588855
-0.541489  0.840396  0.022910    -4.786159
 0.566649  0.344704  0.748390     5.837602
>structures/QAT17590.1.QAT17589.sensePlusOneAccession.pdb
-0.645963  0.694134 -0.317662    -7.514921
 0.184157  0.545542  0.817600    -5.801186
 0.740822  0.469640 -0.480230    13.926568
>structures/QDU94732.1.QDU94730.sensePlusTwoAccession.pdb
 0.772262 -0.344884  0.533542    -9.916615
-0.387277 -0.921300 -0.034978     0.982157
 0.503616 -0.179616 -0.845050     0.270642
>structures/QDU94732.1.QDU94731.sensePlusOneAccession.pdb
-0.082388 -0.798762 -0.595979    -3.651208
 0.843193 -0.374652  0.385566     0.406993
-0.531261 -0.470759  0.704378    -1.413986
>structures/QDU94893.1.QDU94894.sensePlusOneAccession.pdb
-0.652262  0.208490 -0.728756    -5.280961
-0.565631 -0.773899  0.284854    -1.018331
-0.504595  0.598007  0.622714     0.504327
>structures/QDU94893.1.QDU94895.sensePlusTwoAccession.pdb
 0.295837  0.616921  0.729307    -3.697955
 0.576326 -0.724142  0.378769     0.163951
 0.761793  0.308265 -0.569776    -1.213106
>structures/QIZ70555.1.QIZ70554.sensePlusOneAccession.pdb
 0.535907  0.678745 -0.502104    -0.668355
-0.825114  0.547047 -0.141164    -4.592774
 0.178861  0.489944  0.853208     1.444476
>structures/QIZ71789.1.QIZ71788.sensePlusOneAccession.pdb
 0.081189  0.875719 -0.475946     0.975509
-0.771194 -0.247312 -0.586597    -0.347688
-0.631401  0.414672  0.655271     1.211514
>structures/QJE97562.1.QJE97560.sensePlusThreeAccession.pdb
-0.485478  0.697405 -0.527197    -4.484303
-0.518118  0.256201  0.816036    -4.838599
 0.704176  0.669318  0.236958    11.794896
>structures/QJE97562.1.QJE97561.sensePlusTwoAccession.pdb
-0.327138  0.639067 -0.696113    -3.118981
 0.309661  0.768469  0.559969    -5.557009
 0.892800 -0.032372 -0.449289    11.434514
>structures/QJE97567.1.QJE97566.sensePlusTwoAccession.pdb
 0.955711 -0.113951  0.271353    -0.471070
 0.074752  0.985753  0.150679    -1.864592
-0.284657 -0.123721  0.950612     0.215996
>structures/QSR83870.1.QSR83869.sensePlusTwoAccession.pdb
 0.589352  0.737868 -0.328960    -1.071530
 0.254120  0.217204  0.942468    -7.600778
 0.766869 -0.639040 -0.059497    15.786327
>structures/QSR84174.1.QSR84173.sensePlusTwoAccession.pdb
-0.676684 -0.561192 -0.476615    -5.325224
-0.638242  0.769836 -0.000289    -7.957979
 0.367077  0.304000 -0.879112    11.643795
>structures/QSR84626.1.QSR84629.sensePlusTwoAccession.pdb
 0.579048  0.391127  0.715348    -4.332524
-0.814665  0.312020  0.488840    -2.967356
-0.032004 -0.865831  0.499312     3.914652
>structures/QTD53280.1.QTD53278.sensePlusThreeAccession.pdb
-0.614812  0.016305 -0.788505    -3.287153
-0.547639 -0.728281  0.411945    -4.122846
-0.567537  0.685085  0.456685     0.266547
>structures/QTD53280.1.QTD53279.sensePlusTwoAccession.pdb
-0.472293 -0.105774 -0.875072    -3.453863
-0.344190  0.936088  0.072616    -4.590054
 0.811463  0.335487 -0.478514    13.620592
>structures/QZZ19520.1.QZZ19519.sensePlusOneAccession.pdb
 0.417588  0.368351 -0.830625     0.037709
 0.138230 -0.929258 -0.342597    -0.735400
-0.898060  0.028248 -0.438964    -5.182795
>structures/QZZ21680.1.QZZ21678.sensePlusTwoAccession.pdb
 0.422807 -0.239841  0.873905     0.408655
 0.843716  0.456115 -0.283022    -7.873776
-0.330721  0.856992  0.395207    12.224652
>structures/QZZ21680.1.QZZ21679.sensePlusOneAccession.pdb
 0.329440  0.075232 -0.941175     2.323785
-0.831157 -0.449804 -0.326885    -4.009463
-0.447936  0.889953 -0.085654     4.616845
>structures/QZZ22141.1.QZZ22142.sensePlusOneAccession.pdb
 0.346548  0.651254 -0.675110    -0.052745
-0.307884  0.758807  0.573950    -7.571469
 0.886066  0.008954  0.463473    11.218324
>structures/QZZ23337.1.QZZ21400.sensePlusOneAccession.pdb
 0.351497  0.569458 -0.743080     3.538842
-0.603636  0.744558  0.285055    -7.841838
 0.715593  0.348354  0.605455     9.547220
>structures/SEH78546.1.SEH78532.sensePlusOneAccession.pdb
-0.578250  0.813473  0.062352   -10.336135
-0.683915 -0.524986  0.506607    -9.102284
 0.444845  0.250302  0.859920     1.266585
>structures/SEH93354.1.SEH93330.sensePlusTwoAccession.pdb
-0.510400  0.648481 -0.564770    -4.224647
-0.722868 -0.679274 -0.126679    -1.133376
-0.465783  0.343597  0.815468     2.852655
>structures/SEH93354.1.SEH93343.sensePlusOneAccession.pdb
-0.684293 -0.622991 -0.378979    -3.967004
-0.299923 -0.233266  0.925005    -3.899467
-0.664673  0.746638 -0.027227    12.298222
>structures/SEI00245.1.SEI00267.sensePlusOneAccession.pdb
-0.365699 -0.852591 -0.373300    -4.990830
-0.733065  0.510980 -0.448904    -4.169725
 0.573481  0.109489 -0.811870    12.785208
>structures/SEI00245.1.SEI00278.sensePlusTwoAccession.pdb
 0.902710  0.197312  0.382338    -2.731628
-0.421867  0.231364  0.876640   -21.480960
 0.084512 -0.952648  0.292094     5.448882
>structures/UAK41330.1.UAK41329.sensePlusTwoAccession.pdb
 0.980806 -0.192945  0.028145    -0.939813
 0.193505  0.980920 -0.018748    -2.555473
-0.023991  0.023834  0.999428     1.646758
>structures/UAK41566.1.UAK41564.sensePlusThreeAccession.pdb
 0.427484  0.653571  0.624582    -4.468266
-0.511005 -0.395232  0.763325     2.262475
 0.745742 -0.645474  0.165023     6.836382
>structures/UAK41566.1.UAK41565.sensePlusTwoAccession.pdb
-0.641666  0.426734 -0.637310    -7.754707
-0.058104 -0.855587 -0.514388    -6.718895
-0.764780 -0.293035  0.573795    15.031453
>structures/UAK42981.1.UAK42983.sensePlusOneAccession.pdb
 0.611835  0.440550  0.656942    -1.575029
-0.783814  0.226095  0.578375     3.322679
 0.106272 -0.868790  0.483643     8.890128
>structures/UAK42981.1.UAK42984.sensePlusTwoAccession.pdb
-0.571764  0.817172  0.072915    -6.557771
-0.811110 -0.576390  0.099373    -5.079162
 0.123233 -0.002324  0.992375    13.419352
>structures/UBQ05954.1.UBQ05953.sensePlusOneAccession.pdb
 0.736243 -0.341727 -0.584096     4.530103
 0.645475  0.095389  0.757802    -0.506923
-0.203245 -0.934946  0.290806     6.009919
>structures/UNU17462.1.UNU17463.sensePlusOneAccession.pdb
 0.283322  0.358268 -0.889591     4.275220
-0.819020  0.572975 -0.030090    -6.376820
 0.498934  0.737118  0.455765     8.442616
>structures/UNU18280.1.UNU18281.sensePlusOneAccession.pdb
 0.903898  0.427217  0.021306     2.778763
-0.409915  0.879370 -0.242236    -2.200713
-0.122223  0.210223  0.969983     1.749864
>structures/USF25003.1.USF25004.sensePlusOneAccession.pdb
 0.973505 -0.181262 -0.139399    -3.390430
 0.184651  0.982735  0.011660     2.269348
 0.134879 -0.037091  0.990168     0.405039
