>structures/WP_003663896.1_Pseudomonadota_Moraxella_catarrhalis_alphafold.pdb
 0.155969  0.745677  0.647796    -1.418407
 0.679849 -0.556807  0.477253     0.901823
 0.716574  0.365967 -0.593793    -1.421652
>structures/WP_006049459.1_Pseudomonadota_Paraburkholderia_graminis_alphafold.pdb
-0.112749  0.218443 -0.969314    -0.110472
-0.487702 -0.862105 -0.137554    -0.132316
-0.865699  0.457227  0.203737    -1.531001
>structures/WP_010370277.1_Pseudomonadota_Pseudoalteromonas_alphafold.pdb
 0.113187  0.842062 -0.527372    -0.108742
-0.792222 -0.243852 -0.559392     0.959493
-0.599644  0.481111  0.639499    -0.706944
>structures/WP_011548346.1_Pseudomonadota_Burkholderia_cenocepacia_alphafold.pdb
 0.438055 -0.572485 -0.693086     0.962035
 0.472368 -0.509384  0.719303    -1.240931
-0.764837 -0.642486  0.047285    -1.705852
>structures/WP_011718527.1_Pseudomonadota_Shewanella_Shewanella_alphafold.pdb
-0.562404  0.804531  0.190874    -0.951667
 0.771044  0.426896  0.472495     1.415086
 0.298653  0.412905 -0.860416    -2.237392
>structures/WP_013870754.1_Bacteroidota_Lacinutrix_alphafold.pdb
-0.290929  0.926362  0.239196    -1.401645
 0.822008  0.114093  0.557929     1.336400
 0.489554  0.358939 -0.794670    -0.228593
>structures/WP_019576643.1_Pseudomonadota_Curvibacter_lanceolatus_alphafold.pdb
 1.000000  0.000000  0.000000     0.000000
 0.000000  1.000000  0.000000     0.000000
 0.000000  0.000000  1.000000     0.000000
>structures/WP_027912055.1_Pseudomonadota_Pseudomonas_alphafold.pdb
-0.491885  0.867513  0.073961     0.959334
 0.766867  0.391457  0.508603    -0.720591
 0.412267  0.306892 -0.857819    -0.751789
>structures/WP_028487740.1_Pseudomonadota_Thiothrix_lacustris_alphafold.pdb
 0.317899  0.357099  0.878306    -0.159170
 0.402040 -0.889725  0.216226     0.823196
 0.858664  0.284376 -0.426411    -1.528700
>structures/WP_029013283.1_Pseudomonadota_Niveispirillum_irakense_alphafold.pdb
 0.678250  0.664564 -0.313578    -0.867600
-0.715874  0.501264 -0.486065    -0.395168
-0.165836  0.554156  0.815726    -2.275117
>structures/WP_032607070.1_Pseudomonadota_Pseudomonas_syringae_alphafold.pdb
-0.060786  0.670648  0.739281    -0.817609
 0.795315 -0.415003  0.441868     0.358707
 0.603141  0.614821 -0.508150    -2.007562
>structures/WP_038410965.1_Pseudomonadota_Pseudomonas_alphafold.pdb
-0.187549  0.771771  0.607614     0.135545
 0.792980 -0.246087  0.557336    -0.224205
 0.579662  0.586354 -0.565846    -1.012655
>structures/WP_048663643.1_Pseudomonadota_Vibrio_alphafold.pdb
 0.352163  0.169663  0.920432    -1.155467
 0.239346 -0.967057  0.086682     0.294656
 0.904817  0.189776 -0.381170    -1.255517
>structures/WP_049625590.1_Bacillota_Geobacillus_alphafold.pdb
 0.950169  0.263288 -0.166911    -0.477989
-0.296613  0.928311 -0.224185     1.475694
 0.095921  0.262521  0.960147    -2.519347
>structures/WP_049845585.1_Pseudomonadota_Vibrio_alphafold.pdb
 0.481665 -0.077719  0.872902     0.385932
-0.049233 -0.996886 -0.061591     0.147814
 0.874971 -0.013310 -0.483992    -1.089154
>structures/WP_059947740.1_Pseudomonadota_Burkholderia_alphafold.pdb
 0.948275 -0.316076 -0.029506    -1.282762
 0.316531  0.934363  0.163631     1.568856
-0.024151 -0.164506  0.986080    -2.747699
>structures/WP_062351606.1_Pseudomonadota_Pseudoxanthomonas_alphafold.pdb
 0.985216  0.149675  0.083349    -0.189046
-0.128145  0.966744 -0.221324     1.988156
-0.113704  0.207371  0.971632    -1.851577
>structures/WP_070060406.1_Pseudomonadota_Variovorax_alphafold.pdb
 0.009413  0.566485  0.824018    -2.084655
 0.730394 -0.566718  0.381256     1.131810
 0.682962  0.598269 -0.419092    -2.583274
>structures/WP_077516124.1_Pseudomonadota_Rhodanobacter_alphafold.pdb
 0.004644 -0.474417 -0.880288    -2.546330
 0.559491 -0.728386  0.395504     1.457563
-0.828824 -0.494350  0.262050    -2.903910
>structures/WP_093516778.1_Pseudomonadota_Pseudovibrio_alphafold.pdb
 0.118312  0.564583  0.816852     0.788331
 0.636928 -0.674254  0.373772     0.996119
 0.761791  0.476054 -0.439371    -1.458340
>structures/WP_102649218.1_Pseudomonadota_Trinickia_alphafold.pdb
-0.020284  0.194091 -0.980774     0.417750
-0.585062 -0.797779 -0.145777    -1.051775
-0.810735  0.570857  0.129738    -0.736108
>structures/WP_103821642.1_Pseudomonadota_Escherichia_alphafold.pdb
-0.256843  0.879312  0.401051     1.244337
 0.886791  0.049443  0.459519    -1.110841
 0.384231  0.473673 -0.792465    -2.081106
>structures/WP_107188939.1_Pseudomonadota_Photobacterium_alphafold.pdb
 0.446800 -0.095924  0.889476    -1.235775
-0.073835 -0.994797 -0.070194     0.788304
 0.891582 -0.034311 -0.451558    -0.292742
>structures/WP_116156298.1_Pseudomonadota_Pectobacterium_alphafold.pdb
 0.240360  0.543464  0.804285     1.489330
 0.593647 -0.737858  0.321168    -0.192519
 0.767991  0.400266 -0.499978    -0.411651
>structures/WP_122135761.1_Bacteroidota_Bacteroides_alphafold.pdb
-0.217367  0.914255  0.341890    -0.837314
 0.875558  0.027804  0.482311     0.028781
 0.431450  0.404183 -0.806528    -0.901212
>structures/WP_128650999.1_Pseudomonadota_Pseudomonas_alphafold.pdb
 0.310956 -0.105351  0.944568    -1.048796
-0.011557 -0.994183 -0.107080     0.000906
 0.950354  0.022381 -0.310364    -0.584229
>structures/WP_132258326.1_Pseudomonadota_Paucimonas_alphafold.pdb
 0.982541  0.094565 -0.160221     1.638201
-0.114242  0.986371 -0.118407     1.039465
 0.146840  0.134643  0.979954    -1.441652
>structures/WP_139559025.1_Pseudomonadota_Methylotetracoccus_alphafold.pdb
 0.968939 -0.237101 -0.070284    -0.932236
 0.245078  0.958645  0.144696     1.618380
 0.033070 -0.157427  0.986977    -2.128788
>structures/WP_150670523.1_Pseudomonadota_Pandoraea_alphafold.pdb
 0.959057  0.264475 -0.101306     2.439660
-0.280235  0.937924 -0.204372     0.153850
 0.040966  0.224394  0.973637    -0.347157
>structures/WP_150791717.1_Pseudomonadota_Pandoraea_alphafold.pdb
 0.824236  0.546618 -0.147799     1.480899
-0.553062  0.721142 -0.417225    -0.413652
-0.121479  0.425634  0.896705    -0.794405
>structures/WP_156911707.1_Bacillota_Salibacterium_aidingense_alphafold.pdb
 0.943513  0.253274 -0.213623    -1.078726
-0.296020  0.933989 -0.200090     1.824507
 0.148845  0.252024  0.956206    -1.594147
>structures/WP_161651927.1_Pseudomonadota_Aquabacterium_alphafold.pdb
 0.407194  0.756535 -0.511711     0.930711
-0.837910  0.086478 -0.538914    -0.791765
-0.363455  0.648210  0.669122     0.384593
>structures/WP_161830116.1_Pseudomonadota_Steroidobacter_alphafold.pdb
 0.204312 -0.611655 -0.764287    -2.191763
 0.677740 -0.474983  0.561302     1.509891
-0.706346 -0.632668  0.317499    -2.601764
>structures/WP_168133010.1_Pseudomonadota_Sphingomonas_alphafold.pdb
 0.114132  0.834529  0.539014     0.626390
 0.820881 -0.384819  0.421982     1.767506
 0.559579  0.394305 -0.728968    -2.846600
>structures/WP_175569886.1_Pseudomonadota_Cronobacter_alphafold.pdb
 0.156511 -0.503209 -0.849874    -0.671608
 0.579011 -0.650361  0.491707     2.272577
-0.800156 -0.569044  0.189575    -4.360662
>structures/WP_175732760.1_Pseudomonadota_Burkholderia_alphafold.pdb
 0.813109  0.513324 -0.274505     1.000333
-0.582004  0.725967 -0.366393     0.477299
 0.011204  0.457680  0.889046    -1.257736
>structures/WP_186047049.1_Pseudomonadota_Burkholderia_alphafold.pdb
-0.161460  0.681162  0.714107    -1.221909
 0.764641 -0.371112  0.526877     0.883125
 0.623902  0.631106 -0.460925    -3.138369
>structures/WP_186067777.1_Pseudomonadota_Burkholderia_alphafold.pdb
 0.826770  0.488152 -0.279569    -0.049680
-0.561526  0.745978 -0.358058     0.154953
 0.033766  0.453017  0.890862     0.064236
>structures/WP_188601938.1_Bacteroidota_Flavobacterium_alphafold.pdb
-0.972591  0.223517 -0.064087    -0.318618
 0.222057  0.974597  0.029166     1.186714
 0.068978  0.014136 -0.997518    -1.561381
>structures/WP_200375911.1_Pseudomonadota_Thiocystis_alphafold.pdb
 0.083169  0.704361 -0.704953     0.013223
-0.764804 -0.408397 -0.498284     0.389090
-0.638873  0.580592  0.504732    -0.987006
>structures/WP_213778003.1_Pseudomonadota_Caballeronia_alphafold.pdb
 0.592242 -0.682327 -0.428577    -0.781288
 0.738137  0.246136  0.628149    -0.233802
-0.323115 -0.688365  0.649423    -1.741205
>structures/WP_215838068.1_Pseudomonadota_Lysobacter_alphafold.pdb
 0.852191  0.447284 -0.271491     1.802238
-0.514421  0.811046 -0.278524     0.755178
 0.095612  0.377016  0.921258    -0.930880
>structures/WP_224407284.1_Pseudomonadota_Afifella_alphafold.pdb
 0.310891  0.146437  0.939097     0.926731
 0.386371 -0.922207  0.015894     0.161391
 0.868369  0.357898 -0.343285    -5.072972
>structures/WP_226405641.1_Pseudomonadota_Ferribacterium_alphafold.pdb
 0.323195 -0.786014 -0.526998     1.149032
 0.756689 -0.119779  0.642708    -0.274901
-0.568301 -0.606494  0.556057    -1.999306
>structures/WP_231010104.1_Pseudomonadota_Ideonella_alphafold.pdb
 0.788840 -0.546727 -0.280752    -0.016856
 0.606777  0.620148  0.497231     0.720268
-0.097741 -0.562589  0.820938    -2.355585
