>structures/AAW78680_Bacteroidota_Flavobacterium_johnsoniae_alphafold.pdb
-0.108049 -0.719607 -0.685923    -4.914556
 0.277507 -0.684368  0.674262   -17.545536
-0.954628 -0.117495  0.273641     4.664179
>structures/AMC11830_Bacteroidota_Lutibacter_profundi_alphafold.pdb
 0.550041 -0.803714 -0.226935    -5.196047
 0.530763  0.126622  0.838008   -14.168820
-0.644784 -0.581387  0.496229     2.502771
>structures/ATA79511_Bacteroidota_Capnocytophaga_sputigena_alphafold.pdb
-0.538155 -0.823597  0.179100    -7.154934
-0.560952  0.191390 -0.805421   -15.296586
 0.629064 -0.533908 -0.564996     5.640515
>structures/BAG34194_Bacteroidota_Porphyromonas_gingivalis_alphafold.pdb
 0.676056  0.674735 -0.296109     8.402577
-0.717495  0.694306 -0.056038   -15.776877
 0.167780  0.250342  0.953509    -0.943932
>structures/GAK76339_Bacteroidota_Nonlabens_ulvanivorans_alphafold.pdb
-0.577426 -0.792031  0.198156    -3.713700
-0.597150  0.244192 -0.764056   -14.380006
 0.556768 -0.559515 -0.613965     1.611571
>structures/HAV24856_Bacteroidota_Flavobacteriales_bacterium_alphafold.pdb
-0.310162 -0.425156 -0.850319     0.074894
 0.336751 -0.885569  0.319948    -8.185774
-0.889043 -0.187110  0.417842    -7.922164
>structures/KXB34207_Bacteroidota_Bacteroidales_bacterium_alphafold.pdb
-0.427033 -0.069339 -0.901574     3.539363
-0.018013 -0.996205  0.085149    -6.094756
-0.904057  0.052601  0.424163    -8.104799
>structures/MAD97906_Bacteroidota_Flavobacteriaceae_bacterium_alphafold.pdb
-0.236354 -0.506857 -0.828995    -4.511830
 0.148607 -0.861987  0.484659   -15.804096
-0.960236 -0.008644  0.279056     4.157936
>structures/MAZ54331_Bacteroidota_Flavobacteriaceae_bacterium_alphafold.pdb
 0.439930  0.801930 -0.404191    -1.031644
-0.892089  0.441948 -0.094128   -16.179637
 0.103148  0.401984  0.909818     5.751023
>structures/NIK73758_Bacteroidota_Thermonema_lapsum_alphafold.pdb
 1.000000  0.000000  0.000000     0.000000
 0.000000  1.000000  0.000000     0.000000
 0.000000  0.000000  1.000000     0.000000
>structures/OJV27789_Bacteroidota_unclassified_alphafold.pdb
 0.142689 -0.715229  0.684169    -1.079223
-0.357776 -0.681773 -0.638108   -11.564603
 0.922841 -0.153728 -0.353174    -5.114281
>structures/PWK23379_Bacteroidota_Arcicella_aurantiaca_alphafold.pdb
-0.032592  0.765732 -0.642333     1.628114
-0.693256 -0.480262 -0.537350     1.583839
-0.719954  0.427788  0.546501    -5.303270
>structures/SHF62763_Bacteroidota_Bacteroides_luti_alphafold.pdb
-0.226818 -0.349691 -0.908994     6.919333
 0.200552 -0.930087  0.307763   -10.893538
-0.953065 -0.112494  0.281092    -2.837427
>structures/TVR41725_Bacteroidota_Bacteroidia_bacterium_alphafold.pdb
 0.361892 -0.353578  0.862564    -1.339800
-0.009491 -0.926629 -0.375857   -10.452551
 0.932172  0.127833 -0.338696    -6.412878
>structures/TXD61378_Bacteroidota_Polaribacter_sp._alphafold.pdb
 0.060507 -0.778076 -0.625249    -6.190074
 0.403568 -0.553847  0.728276   -14.343249
-0.912947 -0.296396  0.280495     5.155959
