>structures/AAC07752.1.pdb
 0.999426  0.017507 -0.029003    -1.421698
-0.018709  0.998954 -0.041728    -0.713098
 0.028242  0.042246  0.998708    -1.150300
>structures/ABG59284.1.pdb
 0.839730  0.541124 -0.045151    -2.062545
-0.513963  0.765239 -0.387622    -1.242651
-0.175200  0.348704  0.920712    -3.553363
>structures/ABG60812.1.pdb
 0.890797  0.432611 -0.139024    -1.260903
-0.454258  0.840152 -0.296300     0.632609
-0.011382  0.327096  0.944922    -1.406366
>structures/ACB75629.1.pdb
 0.946175  0.322586 -0.026288    -1.511025
-0.323018  0.936102 -0.139186     0.376334
-0.020292  0.140186  0.989917    -0.065479
>structures/ACD90995.1.pdb
 0.994206  0.094358  0.051483    -2.029065
-0.088750  0.990810 -0.102073    -0.861330
-0.060641  0.096913  0.993444    -1.779613
>structures/ACF43024.1.pdb
 0.965929  0.258800 -0.002155    -2.516775
-0.255110  0.950688 -0.176383    -1.269503
-0.043599  0.170923  0.984319    -2.086954
>structures/ACV38437.1.pdb
 0.955022 -0.277166 -0.105417    -1.983480
 0.295491  0.919304  0.259934     1.877757
 0.024866 -0.279393  0.959855    -0.143106
>structures/ACX75484.1.pdb
 0.997154  0.056796 -0.049586    -0.153720
-0.061151  0.993948 -0.091255     1.278126
 0.044103  0.094027  0.994592    -1.904996
>structures/ADB15652.1.pdb
 0.507248  0.781676 -0.362879    -1.864576
-0.764356  0.213571 -0.608397     0.161518
-0.398069  0.585978  0.705812    -0.493363
>structures/ADB17134.1.pdb
 0.993076 -0.107851 -0.046573    -3.617010
 0.112494  0.987271  0.112430    -0.198499
 0.033855 -0.116891  0.992568     2.085870
>structures/ADB17547.1.pdb
 0.942523  0.331302 -0.043460    -1.707988
-0.332042  0.914096 -0.232759     0.147616
-0.037387  0.233811  0.971563    -1.848142
>structures/ADB18835.1.pdb
 0.980579  0.187907 -0.056180    -0.541450
-0.190711  0.980394 -0.049574     1.152395
 0.045764  0.059325  0.997189    -0.787923
>structures/ADC89509.1.pdb
 0.034206  0.621708  0.782502    -1.612102
 0.621158 -0.626593  0.470684    -0.501439
 0.782938  0.469957 -0.407612    -1.655224
>structures/ADI15492.1.pdb
 0.070398  0.553837  0.829644    -2.187720
 0.503752 -0.737599  0.449646     0.549971
 0.860975  0.386281 -0.330922     1.276890
>structures/ADO44512.1.pdb
 0.910550 -0.393219 -0.127583    -2.183210
 0.413395  0.867406  0.276968     0.174239
 0.001758 -0.304935  0.952371    -0.335317
>structures/ADO68798.1.pdb
 0.996137  0.079088 -0.038149    -2.075817
-0.081685  0.994044 -0.072141     0.168451
 0.032216  0.074978  0.996665    -1.223202
>structures/ADO72879.1.pdb
-0.193561  0.757682  0.623259    -2.292850
 0.739010 -0.305237  0.600579    -0.562081
 0.645290  0.576843 -0.500853    -0.701940
>structures/ADV60824.1.pdb
 0.980770  0.183860 -0.065471    -2.450889
-0.191917  0.969527 -0.152266     0.105124
 0.035480  0.161903  0.986169     0.115149
>structures/ADV67905.1.pdb
 0.194276  0.445749  0.873822    -3.635465
 0.422571 -0.841933  0.335533    -0.606828
 0.885263  0.304066 -0.351928     0.554288
>structures/ADY59818.1.pdb
 0.828727  0.548324 -0.112039    -1.263025
-0.554623  0.777870 -0.295484     2.350329
-0.074869  0.307015  0.948755    -0.750850
>structures/ADY81529.1.pdb
 1.000000  0.000000  0.000000     0.000000
 0.000000  1.000000  0.000000     0.000000
 0.000000  0.000000  1.000000     0.000000
>structures/AEB12216.1.pdb
 0.249997  0.366493  0.896205    -4.026880
 0.433506 -0.870009  0.234854     0.163624
 0.865780  0.329797 -0.376377     3.244800
>structures/AEI15149.1.pdb
-0.297522  0.728347  0.617245    -2.868640
 0.785002 -0.181336  0.592359     0.270371
 0.543371  0.660778 -0.517802    -0.663821
>structures/AEW00830.1.pdb
 0.938692  0.343700 -0.026971    -2.066388
-0.338089  0.902406 -0.267132    -0.053947
-0.067474  0.259873  0.963282    -0.586859
>structures/AFE07994.1.pdb
 0.996213  0.082979 -0.025978     0.434502
-0.085305  0.990571 -0.107198     0.634508
 0.016838  0.109009  0.993898    -2.814772
>structures/AFE07995.1.pdb
 0.986087  0.157356 -0.053593    -2.134640
-0.164552  0.969718 -0.180473     0.066995
 0.023571  0.186780  0.982119    -0.031630
>structures/AIE86461.1.pdb
 0.066398  0.598758  0.798173    -2.817531
 0.556567 -0.686155  0.468427     0.828870
 0.828145  0.413135 -0.378808     0.104002
>structures/AKD02510.1.pdb
 0.885212  0.465188 -0.000116    -2.612119
-0.444092  0.844995 -0.297936    -0.126267
-0.138498  0.263788  0.954586    -3.427980
>structures/AKD04823.1.pdb
 0.713658  0.659495 -0.236132    -1.220898
-0.674888  0.557020 -0.483999     0.320655
-0.187664  0.504772  0.842607    -0.974813
>structures/AKJ63368.1.pdb
 0.721489  0.653273 -0.229540    -0.422100
-0.659409  0.547089 -0.515629     0.136622
-0.211267  0.523381  0.825493    -3.070325
>structures/AKJ64099.1.pdb
 0.933707  0.346229 -0.091194    -1.233056
-0.357331  0.917120 -0.176649     0.605525
 0.022475  0.197525  0.980040    -1.857704
>structures/AKJ64362.1.pdb
 0.971625 -0.230382 -0.053564    -3.270680
 0.236494  0.950003  0.203874     0.481220
 0.003917 -0.210757  0.977531     1.813546
>structures/AKJ65567.1.pdb
 0.990524  0.125921 -0.054827    -3.982327
-0.127640  0.991395 -0.029058     0.868736
 0.050696  0.035781  0.998073     1.743400
>structures/AKL98121.1.pdb
 0.995292 -0.090679 -0.034214    -0.810043
 0.091977  0.995017  0.038498    -0.078709
 0.030553 -0.041464  0.998673     0.548529
>structures/ALW88052.1.pdb
 0.980903 -0.193125 -0.023051    -2.344564
 0.194246  0.966744  0.166354     1.057175
-0.009842 -0.167655  0.985797    -0.413130
>structures/APW42522.1.pdb
 0.950979  0.305154 -0.050205    -3.327206
-0.308404  0.923734 -0.227164     0.255679
-0.022944  0.231511  0.972562     0.071072
>structures/ARN57520.1.pdb
 0.987032 -0.133139 -0.089675     0.382572
 0.145727  0.977458  0.152773     0.222150
 0.067314 -0.163860  0.984184    -4.223083
>structures/ATC62712.1.pdb
 0.994181 -0.105856 -0.019984    -2.999743
 0.107719  0.978903  0.173626     0.904762
 0.001183 -0.174768  0.984609    -1.909870
>structures/ATC64798.1.pdb
 0.953426 -0.301624  0.001332    -2.329383
 0.289599  0.916634  0.275525     0.532388
-0.084326 -0.262307  0.961293     0.240987
>structures/ATU65616.1.pdb
 0.989250  0.144590 -0.021858    -3.371839
-0.146068  0.984136 -0.100703     0.197072
 0.006950  0.102814  0.994676     0.882278
>structures/ATX79248.1.pdb
 0.987343 -0.158384  0.008239     0.734809
 0.157175  0.984109  0.082620     0.292331
-0.021193 -0.080279  0.996547    -3.755403
>structures/ATX80498.1.pdb
 0.013649  0.596892  0.802206    -2.259905
 0.568334 -0.664716  0.484921     1.450362
 0.822684  0.449303 -0.348307    -0.159554
>structures/ATX81215.1.pdb
 0.235772  0.179021  0.955177    -2.255667
 0.142614 -0.978619  0.148213     1.186294
 0.961287  0.101277 -0.256262     0.144631
>structures/ATX82358.1.pdb
 0.999414 -0.016226  0.030147     1.016755
 0.016031  0.999849  0.006676     0.282515
-0.030251 -0.006188  0.999523    -4.047469
>structures/AVM45415.1.pdb
 0.988761 -0.132265 -0.069704    -2.196527
 0.135427  0.989864  0.042772     1.509337
 0.063340 -0.051731  0.996650     1.108473
>structures/AVQ28424.1.pdb
 0.873406  0.479934 -0.082611    -2.623297
-0.476970  0.808795 -0.344021     0.932770
-0.098292  0.339873  0.935321    -1.539528
>structures/AVQ29260.1.pdb
 0.986376  0.159032 -0.042095    -2.401926
-0.163071  0.978959 -0.122666     0.434991
 0.021701  0.127859  0.991555    -1.476176
>structures/AVQ29523.1.pdb
 0.999457  0.007227 -0.032152    -2.736927
-0.006714  0.999849  0.016028     1.827230
 0.032263 -0.015803  0.999354    -1.352288
>structures/AWI08882.1.pdb
 0.997567 -0.066113 -0.022119    -0.705268
 0.068308  0.990352  0.120566    -0.305200
 0.013935 -0.121783  0.992459    -1.815657
>structures/AWV88047.1.pdb
 0.893068  0.440427 -0.091949    -2.410383
-0.446632  0.843158 -0.299339     0.553648
-0.054310  0.308397  0.949706     0.425358
>structures/AWV89461.1.pdb
 0.994737  0.102404 -0.003282    -1.960529
-0.101612  0.981927 -0.159667     0.376950
-0.013128  0.159160  0.987165     1.163200
>structures/AWV89791.1.pdb
 0.919287  0.387805 -0.067222    -0.906956
-0.390409  0.876798 -0.280725     0.080105
-0.049926  0.284311  0.957431    -0.384608
>structures/BAC61768.1.pdb
 0.222030  0.128200  0.966575    -2.047323
 0.092681 -0.989605  0.109965     0.143886
 0.970625  0.065168 -0.231603    -0.362720
>structures/BAC89082.1.pdb
 0.930915 -0.356014 -0.081555    -1.937647
 0.364366  0.889842  0.274624     0.840072
-0.025198 -0.285367  0.958087    -0.363761
>structures/BAC90343.1.pdb
 0.997193  0.074363  0.008684    -3.596449
-0.074148  0.996983 -0.022942    -0.313202
-0.010364  0.022234  0.999699     0.143159
>structures/BAM06053.1.pdb
 0.948871  0.303881 -0.085446    -1.685166
-0.314958  0.929510 -0.191868     1.284912
 0.021118  0.208969  0.977694    -3.073419
>structures/BAS27557.1.pdb
 0.967749  0.251645  0.011678    -1.639174
-0.244721  0.950102 -0.193438     0.603615
-0.059773  0.184342  0.981043     0.600893
>structures/BBM36826.1.pdb
 0.937907  0.338208 -0.077113    -2.559686
-0.346588  0.904414 -0.248821     1.481457
-0.014411  0.260097  0.965475    -0.854109
>structures/BCI63438.1.pdb
 0.938403  0.345543  0.000025    -2.511682
-0.339981  0.923313 -0.178624    -0.078692
-0.061745  0.167613  0.983917    -2.860871
>structures/BCI63565.1.pdb
 0.231517  0.758692 -0.608922    -1.419515
-0.801298 -0.206220 -0.561601    -0.868826
-0.551654  0.617948  0.560195    -0.866673
>structures/CAD73493.1.pdb
 0.813669  0.576869 -0.071868    -0.329655
-0.546480  0.716863 -0.432975    -0.556181
-0.198250  0.391572  0.898537    -0.421755
>structures/CAD76944.1.pdb
 0.017847  0.612262  0.790454    -3.618132
 0.597024 -0.640691  0.482781    -0.298751
 0.802025  0.463304 -0.376969    -0.590115
>structures/CCB87487.1.pdb
 0.950545  0.304573 -0.060828    -2.327865
-0.308094  0.899878 -0.308704    -0.012990
-0.039286  0.312178  0.949211     0.326839
>structures/CCW36281.1.pdb
 0.974385 -0.217312 -0.057868    -2.840765
 0.223818  0.962140  0.155536    -0.234795
 0.021877 -0.164503  0.986134     0.508238
>structures/EKT86397.1.pdb
 0.909405  0.406507 -0.087947    -2.899401
-0.413514  0.861041 -0.295999     0.966353
-0.044600  0.305550  0.951131     1.150579
>structures/EKT88184.1.pdb
 0.995916  0.090282 -0.000999    -1.636677
-0.090238  0.994943 -0.044098     1.001543
-0.002987  0.044008  0.999027    -0.762763
>structures/QAR32927.1.pdb
-0.158525  0.670696  0.724594    -2.890471
 0.710418 -0.432177  0.555454    -0.131645
 0.685694  0.602818 -0.407964    -1.176726
>structures/QAR33430.1.pdb
-0.392078  0.725238  0.565954    -2.759643
 0.812588 -0.015371  0.582636     0.190188
 0.431249  0.688326 -0.583293    -1.636905
>structures/QAT17178.1.pdb
 0.734968 -0.619499 -0.275760    -1.692377
 0.662444  0.569059  0.487175     0.911568
-0.144880 -0.540733  0.828624    -0.307890
>structures/QAT17590.1.pdb
 0.979846  0.196979 -0.033185    -3.509383
-0.199708  0.962433 -0.183954    -0.228964
-0.004297  0.186874  0.982375     1.379594
>structures/QDU94732.1.pdb
 0.990732 -0.107942 -0.082450    -1.844255
 0.113191  0.991644  0.061882     0.562870
 0.075081 -0.070641  0.994672     1.009912
>structures/QDU94893.1.pdb
 0.283019  0.834933 -0.472003    -1.556049
-0.789776 -0.076355 -0.608625    -1.067432
-0.544201  0.545029  0.637800    -0.102161
>structures/QEO43084.1.pdb
 0.232871  0.111257  0.966123    -3.225209
 0.019858 -0.993771  0.109655     1.178169
 0.972305 -0.006350 -0.233629     0.773145
>structures/QIZ70555.1.pdb
 0.984135  0.177309 -0.006230    -4.091893
-0.177415  0.983288 -0.040857    -0.384351
-0.001118  0.041314  0.999146     1.887765
>structures/QIZ71789.1.pdb
-0.220104  0.767308  0.602322    -3.909568
 0.715683 -0.292543  0.634205    -0.510263
 0.662836  0.570663 -0.484760     3.190921
>structures/QJE95191.1.pdb
 0.815849  0.576232 -0.048451    -2.240355
-0.541957  0.732713 -0.411599     0.307560
-0.201676  0.362061  0.910076     1.549792
>structures/QJE97269.1.pdb
 0.991188  0.130928 -0.020122     0.590292
-0.131657  0.990463 -0.040618     1.352682
 0.014612  0.042910  0.998972    -4.159673
>structures/QJE97381.1.pdb
 0.102393  0.612550  0.783772    -3.737062
 0.627263 -0.651280  0.427055     0.127593
 0.772047  0.447903 -0.450916     2.103591
>structures/QJE97562.1.pdb
 0.939332 -0.341827 -0.028456    -3.518784
 0.340428  0.918889  0.199378     0.174881
-0.042005 -0.196970  0.979509     1.375796
>structures/QJE97567.1.pdb
 0.273984  0.396084  0.876385    -6.314337
 0.359579 -0.887354  0.288627     1.461082
 0.891984  0.236051 -0.385544     2.389989
>structures/QOY89286.1.pdb
 0.789485  0.602904 -0.114974    -2.219578
-0.575196  0.661410 -0.481338     1.463117
-0.214156  0.446142  0.868962    -3.963367
>structures/QQS88170.1.pdb
 0.994519 -0.078748 -0.068786    -2.789027
 0.078874  0.996884 -0.000879    -0.071648
 0.068641 -0.004551  0.997631     0.290674
>structures/QQS88496.1.pdb
 0.848480  0.513950 -0.126241    -2.982998
-0.519491  0.763283 -0.384093     0.318333
-0.101047  0.391476  0.914623    -0.585823
>structures/QSR83870.1.pdb
 0.999553 -0.015306 -0.025690    -2.549909
 0.016311  0.999091  0.039395    -0.260131
 0.025064 -0.039797  0.998893     0.354906
>structures/QSR84174.1.pdb
 0.996645 -0.081722 -0.004456    -3.402647
 0.081843  0.995338  0.051020     1.033489
 0.000266 -0.051214  0.998688     0.760265
>structures/QSR84626.1.pdb
 0.994844  0.097952 -0.026285    -3.279245
-0.100071  0.990185 -0.097566    -0.329607
 0.016470  0.099693  0.994882     0.948587
>structures/QSR85862.1.pdb
 0.864274 -0.473922 -0.168605    -2.183393
 0.502970  0.809410  0.303112     1.433909
-0.007180 -0.346775  0.937921     0.004319
>structures/QTD50766.1.pdb
 0.066253  0.492811  0.867610    -1.520633
 0.614278 -0.705357  0.353742     0.103047
 0.786303  0.509517 -0.349456    -0.967991
>structures/QTD53280.1.pdb
 0.979929  0.193641 -0.047343    -1.803911
-0.198414  0.970367 -0.137912    -0.517620
 0.019235  0.144537  0.989312    -0.741245
>structures/QVL32579.1.pdb
 0.324211  0.795858 -0.511367    -1.352611
-0.801124 -0.056483 -0.595827    -0.060218
-0.503077  0.602842  0.619269    -0.113904
>structures/QZZ19520.1.pdb
 0.998974  0.007107 -0.044723    -4.985700
-0.003573  0.996899  0.078614     1.174940
 0.045143 -0.078374  0.995901     2.556609
>structures/QZZ21680.1.pdb
 0.985416  0.157458 -0.064511    -4.474691
-0.166650  0.969651 -0.178896    -0.471441
 0.034384  0.187038  0.981751     2.432201
>structures/QZZ22141.1.pdb
 0.917204  0.389065 -0.085816    -5.172614
-0.397748  0.881689 -0.253813    -0.332416
-0.023087  0.266931  0.963439     1.141053
>structures/QZZ23337.1.pdb
 0.998339  0.055251 -0.016340    -4.783588
-0.053196  0.992839  0.106960     0.841647
 0.022132 -0.105913  0.994129     2.232125
>structures/SEH78546.1.pdb
 0.923249 -0.350738 -0.156825    -2.187442
 0.383694  0.862721  0.329381     2.074466
 0.019770 -0.364273  0.931082    -1.012143
>structures/SEH93354.1.pdb
 0.943889 -0.327769 -0.040517    -3.957305
 0.323986  0.895146  0.306182     0.733140
-0.064089 -0.302129  0.951110     1.923317
>structures/SEI00245.1.pdb
 0.997732  0.060385 -0.029750    -1.971497
-0.060459  0.998169 -0.001582    -0.220188
 0.029600  0.003377  0.999556     1.316411
>structures/UAK41330.1.pdb
 0.942526  0.320865 -0.093217    -0.863519
-0.333761  0.917235 -0.217446    -0.656019
 0.015731  0.236061  0.971611    -0.511582
>structures/UAK41566.1.pdb
 0.955590  0.294515  0.010425    -2.377634
-0.289987  0.946021 -0.144746     0.095141
-0.052492  0.135295  0.989414    -3.378787
>structures/UAK42981.1.pdb
 0.996721  0.074432 -0.031730    -2.180299
-0.075688  0.996313 -0.040396     1.175453
 0.028606  0.042665  0.998680     0.419210
>structures/UBQ05954.1.pdb
 0.993492 -0.111888 -0.021312    -3.061366
 0.112973  0.991826  0.059315    -0.338508
 0.014501 -0.061336  0.998012    -0.028446
>structures/UNU17462.1.pdb
 0.872094  0.469499 -0.137923    -4.032557
-0.488259  0.816182 -0.308949     0.461761
-0.032481  0.336775  0.941025     1.209948
>structures/UNU18280.1.pdb
-0.235644  0.738059  0.632250    -3.034372
 0.745460 -0.280116  0.604833    -0.103912
 0.623507  0.613843 -0.484186     2.533335
>structures/USF25003.1.pdb
 0.961673 -0.247395 -0.118244    -1.558056
 0.264074  0.951730  0.156447    -0.575410
 0.073832 -0.181676  0.980583    -0.569137
