>structures/2pfu.pdb
 0.405520 -0.582362 -0.704562    -9.478445
-0.655799 -0.722300  0.219570    61.914492
-0.636774  0.373011 -0.674820   -29.627888
>structures/AAC73832.1.pdb
 1.000000  0.000000  0.000000     0.000000
 0.000000  1.000000  0.000000     0.000000
 0.000000  0.000000  1.000000     0.000000
>structures/AAG04083.1.pdb
-0.297234  0.258024 -0.919280     6.648313
-0.910951 -0.365071  0.192073     2.501429
-0.286043  0.894509  0.343559    -8.318608
>structures/ABF89902.1.pdb
 0.172450  0.979827 -0.101000    -2.090615
 0.049737  0.093744  0.994353    -1.339657
 0.983762 -0.176500 -0.032568    -3.148817
>structures/ABF91400.1.pdb
-0.216543  0.932259 -0.289830    -2.342301
-0.971036 -0.174965  0.162714     1.456476
 0.100981  0.316670  0.943145   -14.988618
>structures/ABF91848.1.pdb
-0.273385  0.922046 -0.274030     2.070869
 0.671909  0.386911  0.631536     7.968372
 0.688330 -0.011470 -0.725307    -8.526534
>structures/ABF92022.1.pdb
 0.506638 -0.585447  0.632905     0.349982
-0.862150 -0.340810  0.374894    -2.066848
-0.003780 -0.735595 -0.677411    -5.782207
>structures/ADD68375.1.pdb
 0.457954  0.589678 -0.665251     8.674005
-0.017180  0.754065  0.656576    -0.061272
 0.888810 -0.289252  0.355458    -4.655024
>structures/QAR33782.1.pdb
 0.927890  0.371882 -0.026892     4.365430
-0.091443  0.296898  0.950521    -1.050631
 0.361466 -0.879520  0.309495    -3.717596
