>structures/AAC76042.1.AAC76041.sensePlusOneAccession.pdb
 0.214116 -0.679021 -0.702200    -1.484838
 0.744119 -0.352320  0.567589    -2.262942
-0.632804 -0.644050  0.429835    -1.863456
>structures/ABA03969.1.ABA03970.sensePlusOneAccession.pdb
 0.784578  0.376036 -0.492985     3.410270
-0.615676  0.378433 -0.691181     0.896702
-0.073347  0.845804  0.528427     5.424754
>structures/ABA05559.1.ABA05560.sensePlusOneAccession.pdb
 0.683129  0.432931 -0.588137     4.900479
 0.559249 -0.828031  0.040058    -1.507904
-0.469654 -0.356280 -0.807769     4.221919
>structures/ADL00174.1.ADL00175.sensePlusOneAccession.pdb
 0.831179  0.340330 -0.439678    -0.198702
 0.550317 -0.390739  0.737885    -3.716591
 0.079324 -0.855277 -0.512064     8.846074
>structures/CDK97637.1.CDK97636.sensePlusOneAccession.pdb
 0.109107 -0.346454 -0.931700     0.290563
 0.334883 -0.869693  0.362613    -2.138174
-0.935922 -0.351574  0.021132    -0.861530
>structures/QNQ08778.1.QNQ08777.sensePlusTwoAccession.pdb
 0.497709  0.406377 -0.766253     4.396501
 0.830297 -0.478670  0.285449    -1.681798
-0.250783 -0.778288 -0.575653     7.377203
>structures/QXB09426.1.QXB09425.antisensePlusTwoAccession.pdb
 1.000000  0.000000  0.000000     0.000000
 0.000000  1.000000  0.000000     0.000000
 0.000000  0.000000  1.000000     0.000000
