>structures/AAR33363.1.AAR33362.sensePlusOneAccession.pdb
-0.419386 -0.240194  0.875456   -14.252506
 0.061753  0.954580  0.291485     1.148467
-0.905705  0.176306 -0.385504     4.077735
>structures/ABC76751.1.ABC76752.sensePlusOneAccession.pdb
 0.085750  0.366452  0.926477   -12.209352
 0.658988  0.676577 -0.328601     6.315429
-0.747249  0.638715 -0.183471     3.216164
>structures/ABF85904.1.ABF91474.sensePlusOneAccession.pdb
-0.345608  0.528666  0.775285   -15.742375
-0.770216  0.312127 -0.556188     1.463129
-0.536025 -0.789360  0.299313     6.106218
>structures/ABF91342.1.ABF88650.sensePlusOneAccession.pdb
-0.444020 -0.121143  0.887790   -12.068816
 0.665457  0.618910  0.417275     4.746729
-0.600011  0.776064 -0.194193     8.151005
>structures/ABL64907.1.ABL64908.sensePlusOneAccession.pdb
-0.031810 -0.839190 -0.542908   -13.449688
-0.244543 -0.520139  0.818324     2.582167
-0.969116  0.158795 -0.188673     5.491487
>structures/ACL63649.1.ACL63647.sensePlusTwoAccession.pdb
-0.573677  0.536849  0.618617   -15.011539
 0.646974  0.760170 -0.059718     2.335141
-0.502314  0.365970 -0.783420     7.829647
>structures/ACL63649.1.ACL63648.sensePlusOneAccession.pdb
 0.931119 -0.336277 -0.141192    -1.483464
 0.355892  0.922385  0.150157     1.357894
 0.079739 -0.190063  0.978528     0.110497
>structures/ACL64052.1.ACL64051.sensePlusOneAccession.pdb
 0.975607  0.048831 -0.214022   -10.366766
 0.219213 -0.164972  0.961629     3.763846
 0.011650 -0.985089 -0.171653     6.175874
>structures/ACO32834.1.ACO31962.sensePlusOneAccession.pdb
 0.721829 -0.655766  0.221210    -1.601246
 0.581004  0.747866  0.321140     6.367246
-0.376028 -0.103284  0.920834    -4.493548
>structures/ACX73814.1.ACX73813.sensePlusOneAccession.pdb
 0.241376 -0.798217 -0.551894   -14.732863
 0.591250  0.571932 -0.568609    -2.632299
 0.769520 -0.189059  0.609997     8.027228
>structures/ADO70054.1.ADO70052.sensePlusTwoAccession.pdb
-0.969969  0.207501  0.126899   -17.550192
-0.243030 -0.805740 -0.540110     4.909173
-0.009826 -0.554731  0.831972     2.213053
>structures/ADO70054.1.ADO70053.sensePlusOneAccession.pdb
 0.980302 -0.006655 -0.197390     0.795738
-0.015296  0.993872 -0.109470     0.661144
 0.196909  0.110333  0.974194     1.586072
>structures/ADO73220.1.ADO73221.sensePlusOneAccession.pdb
-0.282082 -0.295647  0.912701   -12.067306
 0.760567 -0.648781  0.024906     4.451378
 0.584779  0.701196  0.407869    10.442687
>structures/ADO74176.1.ADO74177.sensePlusOneAccession.pdb
-0.641527 -0.131014  0.755830   -14.398282
 0.603567  0.521910  0.602758     5.483357
-0.473445  0.842879 -0.255743     6.849736
>structures/ADO75002.1.ADO75003.sensePlusOneAccession.pdb
-0.309131  0.046632  0.949876   -15.131377
 0.673433  0.715979  0.184015     4.312990
-0.671510  0.696563 -0.252735     4.997066
>structures/ADO76074.1.ADO76073.sensePlusOneAccession.pdb
-0.411193  0.434461  0.801351   -13.994796
-0.055905  0.865435 -0.497892     3.603966
-0.909832 -0.249530 -0.331572     6.862078
>structures/ADY81763.1.ADY81764.sensePlusOneAccession.pdb
 0.122433  0.009275  0.992433   -13.001974
-0.923559  0.367188  0.110504    -4.502079
-0.363384 -0.930101  0.053522     7.729467
>structures/ADY81773.1.ADY81774.sensePlusOneAccession.pdb
-0.368298 -0.288674  0.883756   -12.052283
-0.302611  0.936032  0.179640     0.151326
-0.879081 -0.201273 -0.432095     3.136966
>structures/AFE07999.1.AFE10517.sensePlusOneAccession.pdb
-0.565393  0.038797  0.823908   -13.365857
 0.712873  0.525447  0.464455     6.291637
-0.414901  0.849941 -0.324741     5.950254
>structures/AFE08685.1.AFE08687.sensePlusOneAccession.pdb
-0.365731  0.494927  0.788218   -13.101212
-0.788534  0.285119 -0.544905     1.063979
-0.494425 -0.820825  0.285990     5.316511
>structures/AFE08686.1.AFE08691.sensePlusTwoAccession.pdb
-0.285037 -0.015865  0.958385   -14.093833
-0.955649  0.081984 -0.282866    -3.798581
-0.074085 -0.996507 -0.038530     6.196636
>structures/AFE08686.1.AFE10518.sensePlusOneAccession.pdb
 0.509843  0.453898 -0.730778   -14.013678
 0.758510  0.163585  0.630796     2.456754
 0.405861 -0.875909 -0.260883     3.813670
>structures/AFE10515.1.AFE08688.sensePlusOneAccession.pdb
 0.971161 -0.029852 -0.236550     1.358812
-0.012970  0.984048 -0.177430     2.085641
 0.238073  0.175381  0.955281     2.137089
>structures/AFE10515.1.AFE08689.sensePlusTwoAccession.pdb
-0.284569  0.257895  0.923315   -13.903524
-0.331403  0.877291 -0.347179     3.122283
-0.899551 -0.404786 -0.164183     2.895824
>structures/AFE10516.1.AFE08690.sensePlusOneAccession.pdb
-0.491314 -0.270019  0.828070   -13.213858
 0.333892  0.819707  0.465399     2.412889
-0.804442  0.505143 -0.312577     6.917824
>structures/AFL86415.1.AFL86416.sensePlusOneAccession.pdb
 0.975831  0.051245 -0.212433     0.326227
-0.057948  0.997995 -0.025446     0.550794
 0.210703  0.037141  0.976844     1.172921
>structures/AFL86415.1.AFL86417.sensePlusTwoAccession.pdb
-0.673400  0.136784  0.726514   -16.441736
-0.683772 -0.488842 -0.541747    -0.076134
 0.281048 -0.861582  0.422715     7.874703
>structures/AFL88265.1.AFL88266.sensePlusOneAccession.pdb
 0.626159 -0.738308 -0.250653    -0.254583
 0.709289  0.405882  0.576341     1.377115
-0.323782 -0.538667  0.777820     0.125270
>structures/AKJ63346.1.AKJ63347.sensePlusOneAccession.pdb
-0.398687  0.878477  0.263298     0.225159
 0.854969  0.252169  0.453253     1.950010
 0.331777  0.405818 -0.851607     0.147887
>structures/AMW06740.1.AMW05084.sensePlusOneAccession.pdb
-0.207286 -0.039471  0.977484   -12.328863
-0.976384  0.070532 -0.204204    -3.411141
-0.060884 -0.996728 -0.053159     7.403968
>structures/APW42557.1.APW42556.sensePlusOneAccession.pdb
 0.691290 -0.041555  0.721381    -5.035090
 0.629468  0.524851 -0.572976    11.521990
-0.354808  0.850179  0.388982     1.124513
>structures/APW44370.1.APW44369.sensePlusOneAccession.pdb
-0.655592 -0.046510  0.753682   -15.163984
 0.426909  0.800452  0.420744     2.738700
-0.622854  0.597590 -0.504914     6.129557
>structures/ATU63282.1.ATU63283.sensePlusOneAccession.pdb
 0.549388  0.739218  0.389526    -5.410916
 0.098986  0.405320 -0.908800     9.383542
-0.829684  0.537841  0.149505     0.152168
>structures/ATU64277.1.ATU64275.sensePlusTwoAccession.pdb
-0.207432  0.114521 -0.971523   -13.826506
-0.967946  0.119729  0.220782     9.620965
 0.141604  0.986179  0.086015     7.942870
>structures/ATU64277.1.ATU64276.sensePlusOneAccession.pdb
 0.635793 -0.653022  0.411496    -3.639770
-0.715657 -0.299029  0.631203    12.167430
-0.289141 -0.695804 -0.657460    -0.969329
>structures/ATX79746.1.ATX79747.sensePlusOneAccession.pdb
 0.194548 -0.201630  0.959946   -11.383225
 0.280050  0.949329  0.142643     6.360107
-0.940066  0.241082  0.241156     2.033923
>structures/ATX81939.1.ATX81938.sensePlusOneAccession.pdb
 0.194754 -0.053769  0.979377   -10.957058
 0.113438  0.993031  0.031960     6.078334
-0.974270  0.104874  0.199497     2.038546
>structures/AWV88602.1.AWV88606.sensePlusThreeAccession.pdb
 0.529544 -0.708645  0.466268    -1.643187
-0.043770  0.526103  0.849294    -3.564692
-0.847153 -0.470147  0.247577   -16.244552
>structures/AWV89332.1.AWV89331.antisensePlusTwoAccession.pdb
-0.210201 -0.007990  0.977626   -14.588352
-0.034091  0.999418  0.000838     3.034642
-0.977064 -0.033152 -0.210351     5.306335
>structures/BAG40198.1.BAG40199.sensePlusOneAccession.pdb
-0.439383  0.452849  0.775803   -14.583204
 0.645951  0.759439 -0.077458     1.352110
-0.624252  0.467097 -0.626203     5.451251
>structures/BAH38987.1.BAH38986.sensePlusOneAccession.pdb
 0.972548  0.209904  0.100454     0.020055
-0.201041  0.975296 -0.091544    -0.519869
-0.117188  0.068836  0.990721     0.808230
>structures/BAH39052.1.BAH39050.sensePlusTwoAccession.pdb
-0.884054  0.372053  0.282887   -15.243266
-0.079786  0.476239 -0.875689     3.610906
-0.460524 -0.796727 -0.391336     2.237436
>structures/BAH39052.1.BAH39051.sensePlusOneAccession.pdb
-0.107325  0.126523  0.986141    -2.065460
 0.106015  0.987671 -0.115182     1.191576
-0.988556  0.092184 -0.119415     1.185643
>structures/BAM06957.1.BAM06956.sensePlusOneAccession.pdb
 0.692093 -0.070425  0.718365    -4.355380
 0.555621  0.687265 -0.467924     9.860758
-0.460753  0.722985  0.514780     0.391303
>structures/BCB95125.1.BCB95124.sensePlusOneAccession.pdb
-0.611866 -0.113828  0.782728   -12.942778
 0.755272  0.209824  0.620917     2.765784
-0.234913  0.971091 -0.042413     6.526668
>structures/CAL34348.1.CAL34349.sensePlusOneAccession.pdb
-0.703297 -0.146369  0.695665   -11.263164
 0.582077  0.443224  0.681718     4.108622
-0.408118  0.884380 -0.226520     7.791406
>structures/CCB87689.1.CCB87690.sensePlusOneAccession.pdb
-0.401656 -0.391421  0.827926   -12.343110
-0.305140  0.909597  0.281999    -0.893952
-0.863459 -0.139366 -0.484783     5.508269
>structures/QJR34785.1.QJR34786.sensePlusOneAccession.pdb
 0.929402 -0.267207 -0.254582    -2.840621
 0.336516  0.896797  0.287250     1.422603
 0.151553 -0.352641  0.923404     1.929409
>structures/QJR34785.1.QJR34787.sensePlusTwoAccession.pdb
-0.553607  0.699015  0.452655   -14.895604
 0.055064  0.573084 -0.817644     3.619702
-0.830956 -0.427729 -0.355754     0.518780
>structures/QJR34845.1.QJR34846.sensePlusOneAccession.pdb
 1.000000  0.000000  0.000000     0.000000
 0.000000  1.000000  0.000000     0.000000
 0.000000  0.000000  1.000000     0.000000
>structures/QNQ10683.1.QNQ10685.sensePlusOneAccession.pdb
 0.610631  0.785472  0.100812    -1.749235
-0.092144  0.196909 -0.976082     3.800788
-0.786536  0.586737  0.192615    -0.479766
>structures/QTD52661.1.QTD52660.sensePlusTwoAccession.pdb
 0.571087  0.160639  0.805018    -9.915543
 0.080192  0.965058 -0.249464     4.119470
-0.816963  0.207022  0.538250     1.770556
>structures/SLM46359.1.SLM46358.sensePlusOneAccession.pdb
-0.913557 -0.033113  0.405361   -12.690791
 0.355459  0.419336  0.835348     0.342535
-0.197643  0.907227 -0.371317     8.029272
>structures/SNW07143.1.SNW07145.sensePlusOneAccession.pdb
-0.234663  0.263199  0.935767   -12.936735
-0.480621  0.805336 -0.347040     2.028383
-0.844948 -0.531187 -0.062484     4.060594
>structures/UBQ04634.1.UBQ04635.sensePlusOneAccession.pdb
 0.720391  0.294576 -0.627902   -11.178507
 0.547331  0.314591  0.775540     7.299445
 0.425987 -0.902362  0.065398     7.289132
>structures/UBQ06174.1.UBQ06173.sensePlusOneAccession.pdb
 0.529716  0.521114  0.669209    -5.696738
 0.412134  0.531453 -0.740070    13.848525
-0.741314  0.667831  0.066750     2.522794
