>structures/AEO47594.1.AEO47595.sensePlusOneAccession.pdb
 0.776776 -0.445756 -0.444883     4.941624
 0.402843  0.894677 -0.193058     0.909857
 0.484084 -0.029255  0.874533     1.323917
>structures/AEO48685.1.AEO48684.sensePlusOneAccession.pdb
 0.961618 -0.147349  0.231469    -0.325595
 0.234237  0.880185 -0.412804    -1.169858
-0.142910  0.451179  0.880917    -0.612045
>structures/AIQ91305.1.AIQ91306.sensePlusOneAccession.pdb
 0.992924  0.107201 -0.051077     3.523159
-0.058705  0.817038  0.573587    -1.667174
 0.103221 -0.566530  0.817551     0.888128
>structures/APW43236.1.APW43237.sensePlusOneAccession.pdb
 0.561130 -0.725879 -0.397784     6.622409
 0.726632  0.662136 -0.183253     8.792736
 0.396407 -0.186214  0.898992    -0.242915
>structures/ATU66653.1.ATU66654.sensePlusOneAccession.pdb
 0.930561  0.192977 -0.311152     5.972524
-0.365655  0.446267 -0.816788     0.808406
-0.018765  0.873845  0.485842     0.922675
>structures/BDB95989.1.BDB95990.sensePlusOneAccession.pdb
 0.269585 -0.754895 -0.597878     1.407888
-0.074434  0.602672 -0.794510     3.454987
 0.960096  0.258690  0.106281    10.386156
>structures/CDK97994.1.CDK97995.sensePlusOneAccession.pdb
 1.000000  0.000000  0.000000     0.000000
 0.000000  1.000000  0.000000     0.000000
 0.000000  0.000000  1.000000     0.000000
>structures/QKY92913.1.QKY92912.sensePlusTwoAccession.pdb
-0.266243  0.962889 -0.044257    -4.448284
 0.908885  0.235490 -0.344200    -5.349790
-0.321004 -0.131865 -0.937853    -0.934745
>structures/QXB11428.1.QXB11431.sensePlusThreeAccession.pdb
-0.195945  0.822965 -0.533230    -1.018940
-0.466933  0.399866  0.788721    -4.934181
 0.862310  0.403529  0.305918     9.188461
