>structures/WP_003663896.1_Pseudomonadota_Moraxella_catarrhalis_alphafold.pdb
 0.961530  0.227916  0.153346    63.064077
-0.230340  0.973108 -0.002015    -2.966998
-0.149681 -0.033384  0.988171   -58.298306
>structures/WP_010370277.1_Pseudomonadota_Pseudoalteromonas_alphafold.pdb
-0.918034 -0.015150 -0.396212     1.195964
 0.379876 -0.319928 -0.867952     6.238062
-0.113610 -0.947321  0.299459    40.964950
>structures/WP_013870754.1_Bacteroidota_Lacinutrix_alphafold.pdb
-0.844349  0.149857  0.514410   -27.461088
 0.534970  0.182589  0.824905    -2.639287
 0.029692  0.971702 -0.234338    19.036185
>structures/WP_027912055.1_Pseudomonadota_Pseudomonas_alphafold.pdb
 0.781042 -0.085625 -0.618580    57.801784
 0.557516  0.541863  0.628935   -18.665317
 0.281333 -0.836094  0.470956     9.989503
>structures/WP_028487740.1_Pseudomonadota_Thiothrix_lacustris_alphafold.pdb
 1.000000  0.000000  0.000000     0.000000
 0.000000  1.000000  0.000000     0.000000
 0.000000  0.000000  1.000000     0.000000
>structures/WP_048663643.1_Pseudomonadota_Vibrio_alphafold.pdb
 0.179886 -0.280186  0.942941    23.900948
 0.418368 -0.845769 -0.331125   -51.903654
 0.890286  0.454061 -0.034921    -6.478539
>structures/WP_049845585.1_Pseudomonadota_Vibrio_alphafold.pdb
-0.679461  0.355340  0.641924   -67.409067
 0.406681 -0.545812  0.732598   -13.752337
 0.610692  0.758830  0.226348    36.333502
>structures/WP_093516778.1_Pseudomonadota_Pseudovibrio_alphafold.pdb
 0.262824  0.567323 -0.780429    82.183909
-0.833568 -0.273827 -0.479774   -14.983401
-0.485889  0.776636  0.400934    -7.331802
>structures/WP_103821642.1_Pseudomonadota_Escherichia_alphafold.pdb
-0.000828 -0.669799  0.742542    75.337482
-0.882533 -0.348691 -0.315516   -20.472632
 0.470249 -0.655580 -0.590831   -41.083366
>structures/WP_107188939.1_Pseudomonadota_Photobacterium_alphafold.pdb
 0.767984 -0.434538 -0.470508    29.524999
-0.269238  0.447529 -0.852777   -18.396352
 0.581130  0.781597  0.226701    48.103291
>structures/WP_116156298.1_Pseudomonadota_Pectobacterium_alphafold.pdb
-0.285399  0.585993  0.758393    71.239952
 0.794608 -0.297754  0.529095     5.766492
 0.535861  0.753627 -0.380656   -17.214098
>structures/WP_122135761.1_Bacteroidota_Bacteroides_alphafold.pdb
 0.784524  0.350898 -0.511266   -23.080250
-0.606715  0.263987 -0.749806   -10.125198
-0.128138  0.898433  0.419999    26.181901
>structures/WP_128650999.1_Pseudomonadota_Pseudomonas_alphafold.pdb
 0.904967  0.051115 -0.422400    52.925213
 0.163918  0.874243  0.456979   -37.376896
 0.392638 -0.482790  0.782783   -16.265185
>structures/WP_188601938.1_Bacteroidota_Flavobacterium_alphafold.pdb
-0.098654  0.160888 -0.982030    81.825096
-0.376566  0.907424  0.186495   -15.708835
 0.921122  0.388197 -0.028936   101.820216
>structures/WP_200375911.1_Pseudomonadota_Thiocystis_alphafold.pdb
 0.333911  0.078042 -0.939368    17.813704
-0.734042  0.646724 -0.207196   -15.977125
 0.591342  0.758721  0.273234    33.715927
