>structures/AAC74960.1.AAC74959.sensePlusOneAccession.pdb
 0.810831  0.571205 -0.127588    -0.849883
-0.582328  0.765470 -0.273770    -1.872544
-0.058714  0.296279  0.953295     3.254861
>structures/ABC77078.1.ABC77077.sensePlusOneAccession.pdb
 0.661546  0.584311 -0.470039     2.576819
 0.127535 -0.705332 -0.697310    -0.978404
-0.738980  0.401357 -0.541130    -0.963219
>structures/ACB73691.1.ACB73690.sensePlusOneAccession.pdb
 0.076140  0.895313 -0.438883     1.937722
-0.686131 -0.272330 -0.674582    -2.767032
-0.723482  0.352494  0.593567     1.084204
>structures/ACO33337.1.ACO34085.sensePlusOneAccession.pdb
 0.932614  0.235851 -0.273141     1.728420
-0.131657 -0.482349 -0.866029    -3.126737
-0.336003  0.843631 -0.418794     2.197811
>structures/AEI89251.1.AEI89250.sensePlusOneAccession.pdb
 0.636458  0.723350 -0.267743     1.115202
-0.756035  0.516315 -0.402280    -2.820871
-0.152750  0.458457  0.875491     0.616948
>structures/AEO48360.1.AEO48361.sensePlusOneAccession.pdb
 0.958624  0.284660  0.002831    -0.615968
-0.275814  0.931205 -0.238294    -0.035600
-0.070469  0.227654  0.971189     0.203545
>structures/AIQ92722.1.AIQ92723.sensePlusOneAccession.pdb
 0.740787  0.470723 -0.479222     4.515801
-0.655447  0.350351 -0.669061    -2.075591
-0.147047  0.809737  0.568070     0.426853
>structures/ARU42506.1.ARU39646.sensePlusOneAccession.pdb
 0.953424  0.275041 -0.123835     2.090059
-0.016795 -0.361504 -0.932219    -2.124515
-0.301165  0.890880 -0.340047     2.070590
>structures/ATC63650.1.ATC63649.sensePlusOneAccession.pdb
-0.091962  0.733130 -0.673842     2.748896
-0.640306 -0.561789 -0.523832    -1.122906
-0.762595  0.383293  0.521091     1.154537
>structures/ATU65955.1.ATU65954.sensePlusOneAccession.pdb
 0.695706 -0.716251  0.054567     0.219026
 0.686408  0.685265  0.243426    -0.799300
-0.211747 -0.131897  0.968383    -2.023628
>structures/ATU66302.1.ATU66303.sensePlusOneAccession.pdb
 0.505059  0.794012 -0.338320    -0.301675
-0.854361  0.404349 -0.326450     0.455692
-0.122405  0.453924  0.882593     2.338204
>structures/BAH37338.1.BAH37337.sensePlusOneAccession.pdb
-0.036745  0.653758 -0.755811    -0.321415
-0.698463 -0.557711 -0.448451    -2.861021
-0.714703  0.511427  0.477119     3.326181
>structures/BCB96094.1.BCB96092.senseMinusTwoAccession.pdb
 0.676528  0.427196  0.599845     2.584799
 0.497322 -0.865777  0.055689    -1.852611
 0.543122  0.260641 -0.798176     0.793278
>structures/BCB96094.1.BCB96095.sensePlusOneAccession.pdb
 0.409634  0.751345 -0.517378     1.488247
 0.203961 -0.628220 -0.750826    -0.656279
-0.889157  0.202039 -0.410585    -0.894260
>structures/CCW34551.1.CCW34550.sensePlusOneAccession.pdb
 0.901990  0.232088 -0.364072     2.261635
-0.318189 -0.212645 -0.923871    -1.706913
-0.291838  0.949167 -0.117956     2.506824
>structures/CDK98316.1.CDK98315.sensePlusOneAccession.pdb
 1.000000  0.000000  0.000000     0.000000
 0.000000  1.000000  0.000000     0.000000
 0.000000  0.000000  1.000000     0.000000
>structures/QJR36484.1.QJR36485.sensePlusOneAccession.pdb
 0.634363  0.444132 -0.632717     2.498279
-0.300827 -0.612136 -0.731295    -2.895949
-0.712100  0.654245 -0.254709     3.423598
>structures/QNQ09341.1.QNQ09332.antisensePlusTwoAccession.pdb
 0.252503  0.893345 -0.371721    -0.862631
-0.909749  0.088349 -0.405649     5.105615
-0.329544  0.440600  0.835028     0.226532
>structures/UBQ05764.1.UBQ05765.sensePlusOneAccession.pdb
 0.504349  0.812343 -0.292799     0.152081
-0.825365  0.353859 -0.439950    -2.098746
-0.253781  0.463554  0.848948     4.856669
