>structures/WP_011718527.1_Pseudomonadota_Shewanella_Shewanella_alphafold.pdb
 0.413512  0.579868 -0.701969    -3.881859
-0.502007 -0.498000 -0.707097    -2.913861
-0.759603  0.644786  0.085169    -3.200101
>structures/WP_029013283.1_Pseudomonadota_Niveispirillum_irakense_alphafold.pdb
 0.855578 -0.337221 -0.392770    -1.718330
 0.291931  0.940868 -0.171883    -5.748402
 0.427507  0.032397  0.903431     5.820282
>structures/WP_032607070.1_Pseudomonadota_Pseudomonas_syringae_alphafold.pdb
 0.771370 -0.422993 -0.475463    -2.748170
 0.329451  0.904646 -0.270327    -0.337716
 0.544473  0.051880  0.837172    -1.630560
>structures/WP_038410965.1_Pseudomonadota_Pseudomonas_alphafold.pdb
 0.777295 -0.422476 -0.466182    -1.931496
 0.288632  0.897873 -0.332439     2.148728
 0.559020  0.123848  0.819853    -3.963533
>structures/WP_049625590.1_Bacillota_Geobacillus_alphafold.pdb
 0.747169 -0.260403 -0.611498    17.629967
 0.020172  0.928512 -0.370754    14.333954
 0.664328  0.264680  0.699008    -1.694136
>structures/WP_059947740.1_Pseudomonadota_Burkholderia_alphafold.pdb
 0.916627  0.381545 -0.119237    -6.098665
-0.396047  0.907279 -0.141392     0.038666
 0.054234  0.176827  0.982747     3.308536
>structures/WP_070060406.1_Pseudomonadota_Variovorax_alphafold.pdb
 0.686606  0.609012 -0.397086    -5.421371
-0.692487  0.381470 -0.612325     0.055712
-0.221437  0.695403  0.683653     5.559070
>structures/WP_077516124.1_Pseudomonadota_Rhodanobacter_alphafold.pdb
 0.972544 -0.026011 -0.231261    -7.280992
 0.046378  0.995464  0.083072     2.024504
 0.228051 -0.091517  0.969339     3.709889
>structures/WP_139559025.1_Pseudomonadota_Methylotetracoccus_alphafold.pdb
 0.772444 -0.377928 -0.510393     2.420512
 0.221079  0.913413 -0.341763     1.788676
 0.595361  0.151155  0.789112    -2.135413
>structures/WP_156911707.1_Bacillota_Salibacterium_aidingense_alphafold.pdb
 0.199748 -0.859861 -0.469830   -24.799591
 0.935673  0.309733 -0.169058    -6.827139
 0.290889 -0.405838  0.866417    20.910834
>structures/WP_161830116.1_Pseudomonadota_Steroidobacter_alphafold.pdb
 0.851089  0.462580 -0.248329    -7.613637
-0.524988  0.744426 -0.412575     1.006404
-0.005987  0.481508  0.876421     2.635213
>structures/WP_168133010.1_Pseudomonadota_Sphingomonas_alphafold.pdb
 0.913916 -0.306588 -0.266011     1.638533
 0.054513  0.742125 -0.668041     2.069484
 0.402227  0.596032  0.694953     1.470910
>structures/WP_175569886.1_Pseudomonadota_Cronobacter_alphafold.pdb
 0.796504 -0.439698 -0.415028    -3.653573
 0.388637  0.898142 -0.205673    -2.611264
 0.463188  0.002524  0.886257    -1.863371
>structures/WP_186047049.1_Pseudomonadota_Burkholderia_alphafold.pdb
 1.000000  0.000000  0.000000     0.000000
 0.000000  1.000000  0.000000     0.000000
 0.000000  0.000000  1.000000     0.000000
>structures/WP_224407284.1_Pseudomonadota_Afifella_alphafold.pdb
 0.880880 -0.052398 -0.470430     6.861938
-0.107266  0.945900 -0.306214    10.936553
 0.461025  0.320199  0.827604   -23.083722
