>structures/ABQ61581.1.pdb
 0.184934  0.532410  0.826038    -0.724375
 0.550866 -0.752233  0.361512    -0.246745
 0.813846  0.388181 -0.432400     2.562992
>structures/AEO47594.1.pdb
 0.024141  0.666724  0.744914    -0.507364
 0.717229 -0.530626  0.451685    -1.119476
 0.696420  0.523369 -0.491003     3.237155
>structures/AEO48685.1.pdb
 0.947579  0.292455 -0.128704    -2.745052
-0.313123  0.930149 -0.191772    -0.582314
 0.063629  0.222019  0.972964     2.897881
>structures/AIQ91305.1.pdb
 0.998663  0.013127 -0.050007    -2.000583
-0.009848  0.997819  0.065267    -0.937009
 0.050754 -0.064687  0.996614     2.587079
>structures/AJJ31712.1.pdb
 1.000000  0.000000  0.000000     0.000000
 0.000000  1.000000  0.000000     0.000000
 0.000000  0.000000  1.000000     0.000000
>structures/AJJ55217.1.pdb
 1.000000  0.000000  0.000000     0.000000
 0.000000  1.000000  0.000000     0.000000
 0.000000  0.000000  1.000000     0.000000
>structures/APW43236.1.pdb
 0.933662  0.344415 -0.098256    -1.055214
-0.357796  0.884646 -0.298971     0.940431
-0.016048  0.314294  0.949190     0.343887
>structures/ATU66653.1.pdb
 0.999738  0.003999  0.022526    -1.783935
-0.003269  0.999472 -0.032325     1.165127
-0.022643  0.032243  0.999224     0.365666
>structures/BAC59320.1.pdb
 0.333338 -0.102888  0.937176    -1.188994
-0.075999 -0.993725 -0.082065    -0.119603
 0.939739 -0.043869 -0.339066     1.194751
>structures/BDB95989.1.pdb
 0.114060  0.591761  0.798003    -1.680024
 0.666184 -0.641449  0.380449    -0.234992
 0.737014  0.488223 -0.467386     2.792634
>structures/CDK97994.1.pdb
 0.046799  0.621283  0.782188    -1.113820
 0.658990 -0.607675  0.443241    -0.624594
 0.750694  0.494711 -0.437858     2.152402
>structures/QEO41016.1.pdb
 0.999517 -0.000331  0.031069    -0.610738
 0.000064  0.999963  0.008607    -0.120747
-0.031071 -0.008601  0.999480    -0.093497
>structures/QKY92913.1.pdb
 0.120881  0.525438  0.842201    -0.250792
 0.570133 -0.731280  0.374405    -0.535733
 0.812611  0.434908 -0.387968     0.761158
>structures/QXB11428.1.pdb
 0.113516  0.547335  0.829180    -0.157256
 0.572189 -0.718289  0.395803    -0.802547
 0.812228  0.429517 -0.394716     0.514285
